788269
188556
517573
329300
231196
225616
216979
735383
701481
338809
236217
189468
12636
591012
223891
553983
375510
999557
251315
964359
629634
943598
535847
299762
497549
85181
955476
311992
213237
293284
551426
9296
913861
869672
883034
299894
943814
957355
198179
779722
398500
134645
161659
462197
781622
567251
996015
894064
938440
19256
732187
60572
863645
777847
557058
707317
951473
471854
670474
92893
268588
817911
791552
64638
104501
235627
576532
9790
360918
80456
994800
14546
723063
625458
695825
68591
718604
68847
817998
599168
153064
942168
798846
54294
961752
471829
466598
110673
855891
676808
799043
222933
30305
525948
841416
629425
789579
664105
3820
940016
397961
905165
54571
519888
585248
876762
186818
345872
20241
221739
398603
789977
717559
533612
69843
8912
440711
504015
130739
702563
318440
746440
118079
613189
656556
77242
31316
155864
883779
942854
934967
367071
328056
582060
289600
739142
567546
340483
544878
159370
234829
268021
85408
270044
72232
155028
611756
912567
538218
123872
488741
17587
223697
631246
321503
312155
261319
340988
941958
457056
898385
125384
193694
905074
524463
401008
249660
362266
241894
74441
737791
394043
232524
631461
970015
827747
129891
938456
694510
135385
3335
413133
133278
708020
97347
514028
889037
491362
341691
546872
677921
797787
647181
371668
815666
996071
386502
494227
122516
757209
821711
814481
329912
893111
169198
891941
425838
770115
90406
919985
34535
473138
724940
114399
857593
105521
743565
655621
30211
958569
507194
891314
480739
235459
850979
574980
446450
349264
340660
108417
540309
118730
449746
618360
81922
362127
964185
216059
429697
811037
371940
622698
467721
267109
991089
375217
846865
992061
11830
765660
539770
696766
264178
924410
223787
988668
9701
765142
459912
689898
672330
63704
718259
901957
522533
684267
963717
586960
272417
907275
165302
6584
394948
18599
895018
55818
908038
204786
769548
844787
224257
676580
719048
690103
343773
134263
404758
806183
648137
511073
19866
265522
900766
463904
902945
131090
574109
183752
935351
429305
963840
101141
910292
519628
880584
147480
595308
595293
117725
67935
700770
384357
113859
200533
948139
830571
408903
800886
629744
808310
645181
779539
930626
117158
43663
663880
31206
139406
504639
14351
784334
241401
784969
956298
77970
883501
519708
215411
92215
312996
327534
329693
994818
524656
120884
677153
688427
583579
114845
846083
511884
160375
501110
321818
7366
677365
941852
662298
336340
531198
46349
205842
769209
689936
638523
826909
78799
938830
630636
372842
939446
802553
890363
115261
690825
8153
626268
660681
326388
130995
944197
992166
920314
341750
296285
57099
707841
327590
638166
36245
732941
956938
74856
533261
810383
922984
562363
828284
407564
706685
301077
950097
463045
695336
399994
567254
531765
682865
385379
953593
464982
296129
459569
578901
18207
338200
463102
217454
899756
353227
830980
963480
864613
489626
426573
388914
52384
455448
116273
184462
196611
674882
174329
571909
813298
780343
688843
286017
23444
801487
524897
979320
841930
855771
337872
960443
892537
894465
991137
591324
281030
790484
669838
184635
697273
743800
675969
30419
586836
969489
345966
148843
962660
702339
218564
646835
481820
789681
737860
299934
737391
418920
806267
677627
416070
731251
492556
102269
151766
286254
948228
216189
801810
891230
829580
546788
174442
176784
399413
649126
723548
667348
408531
15250
210350
653845
569924
852806
936228
84891
21254
556372
966833
602975
918844
866908
714268
757569
84756
660606
318012
660016
39856
336248
470497
503353
70014
741214
872359
720267
552302
94593
817039
21346
11213
958823
748072
856794
627083
542988
800022
113838
564813
994555
934633
480947
129886
225246
867562
149167
644382
197947
33017
808111
553978
779396
654275
585839
418501
165905
128261
726554
65330
754973
558387
459506
38745
863092
813505
477238
632387
413252
907785
605864
176970
895201
417436
751771
401277
638740
19045
677155
122599
648562
267860
794336
100481
278150
120548
530839
49985
626076
513098
702318
493359
371027
50441
23731
350230
906360
988592
637809
821672
617935
821360
484981
373541
727819
559914
655099
983023
490905
558369
850806
461740
153868
410231
249923
382529
666147
927190
121064
591435
345057
884872
480441
727067
415928
374460
277500
47998
912331
662590
323730
586611
963328
937383
949842
189846
541885
825683
355081
667505
666479
324736
119402
600658
26915
466528
747796
342909
433032
662041
605913
829166
628033
570129
35672
67854
680342
305099
66832
397018
501366
626667
686685
544677
746364
838509
336514
494961
851377
57733
677289
708541
987639
439290
671657
800002
261881
930077
880356
572727
404290
398389
471158
942538
284203
731624
737218
783115
268929
420238
530637
44252
105469
316543
623276
742975
177916
800669
176172
486727
327832
179602
141221
929430
970754
796010
470693
810533
811262
790241
654712
804874
513476
444210
420173
626867
81197
793434
376164
697373
158208
900668
360031
431483
346636
416565
790355
120575
642224
172411
864572
294705
120414
291007
37081
66520
376377
333140
782406
360602
956513
287822
445256
975501
726202
553582
223423
414481
639216
820799
521233
860128
574070
835763
270293
785787
770394
688137
590766
842601
922025
365310
456789
392115
318841
250528
578987
127356
286242
376879
602945
778928
309980
156124
899931
634625
604691
707734
698375
202715
533934
884388
716287
714534
491861
965129
477923
383804
881729
874357
39030
46769
664869
559683
13402
158128
871229
182311
167158
624161
17507
201765
618141
155780
899266
473203
636042
208808
623640
412320
737755
4517
985370
402451
484506
418334
816296
202490
906459
856643
536736
928450
538363
148237
282975
922614
672109
114003
219830
127012
830343
578272
518763
34084
600578
511033
271695
303443
163372
661823
939640
909151
699905
273623
377875
940547
372485
983659
394134
724968
715004
237200
562408
280770
94625
214601
156114
510391
758274
968138
7166
498529
913177
266452
499879
595604
558006
808241
568197
80366
19614
370092
67975
246225
327352
549593
614576
494836
829238
846201
757424
429550
101304
560810
648455
145002
230727
430748
583553
644829
32402
56743
482341
253474
407647
182359
208634
684631
249936
33801
795139
636568
281437
549949
821671
498183
773627
895289
116723
865045
529620
668093
942803
398712
669267
261706
589189
715522
867797
390410
488003
523865
453929
197207
710008
259854
962047
829959
601344
899520
550299
130642
52584
99512
350201
465974
834333
732340
541434
263626
645100
271875
312469
301919
354303
110333
414167
336942
714925
439074
133751
757372
579723
87097
481130
431475
812291
81226
389035
37071
263291
824368
539265
96044
498058
665838
343130
540212
513715
721671
585298
420280
429291
59404
329159
520498
8666
827516
497652
928540
965827
731315
719068
135583
766324
238090
415536
566981
377693
230272
723299
111378
848434
400451
221379
511334
459602
131798
394718
938786
386897
983866
224208
527190
409956
652233
905955
