127586
528303
573714
21394
822770
934170
811772
440993
213339
435723
793097
544946
166543
598589
507307
442168
147588
272036
61403
897161
935355
506762
776658
72433
202441
438218
741078
546192
265273
463192
426910
428502
210536
261742
637813
42417
822093
658919
142333
812607
923609
383836
308673
206727
234737
314054
219663
74519
199056
177350
724418
338046
398616
318719
581156
446745
546458
248884
824363
524119
846768
279956
536905
85191
430655
5963
392227
749142
425028
651029
10196
447618
572427
350147
195111
57640
508522
438763
404262
636357
947391
30971
874604
445565
895130
373393
109720
126762
718269
620553
764708
183297
165144
80983
463833
612200
359384
444
325551
951538
777384
238436
18363
56028
485606
201574
297073
631248
673964
141598
596434
790979
330507
563315
143324
345155
815319
675916
61773
711396
952931
21255
94453
405804
796153
313782
522408
563589
823928
596499
176091
277706
154518
332310
343864
61234
164177
149138
750450
808154
321322
367415
870672
673970
919046
339496
871936
213382
634946
300581
537397
297202
940045
836408
982633
733109
385209
506477
470010
388226
749072
374636
669153
492074
150575
753125
508080
599946
262724
614600
784455
299589
961707
415652
734213
26277
238158
23517
449266
608541
19180
88173
564022
971417
263544
687682
696314
114580
646652
998298
991471
906129
852558
866601
419215
323724
327833
338959
89223
956355
849789
294398
874106
481471
588997
639977
801317
546379
893887
168224
530193
349778
227056
650377
52309
146597
657275
57427
194623
540481
755425
988276
448606
429895
275221
245128
564231
816070
809178
411507
776693
232401
810469
408446
267537
278022
180061
490690
932082
934375
214489
159164
954411
753749
221097
992705
993474
688411
569012
237616
202079
542762
699240
706636
583896
134750
875417
141412
43125
117083
67598
862148
626911
539866
620146
147848
766889
184118
414857
360245
148494
904975
394254
639758
635257
798228
581054
717495
649403
618890
8745
63279
457385
154837
35866
607139
851757
57327
157145
960086
596614
941654
839710
406560
825274
97904
338248
534075
740566
21424
255296
706460
940210
33142
982680
42426
784058
835187
480416
150491
472869
293792
522479
453649
140291
841360
999120
94956
334318
100151
518592
324932
621075
203470
510721
815313
22753
513147
944083
509388
209733
807597
324142
41908
540126
807376
739717
531155
796031
606010
204822
793428
755041
798764
287628
37046
138360
959855
77177
107090
933278
736553
147010
635832
742512
10555
57845
579170
98352
155585
974810
64475
887522
270217
271337
125009
242119
106077
290605
293881
877468
553931
4233
622971
84816
108484
12829
809304
707563
635196
96190
151302
805088
691801
152226
574578
102568
154624
961538
306447
603355
375079
970013
846206
583467
409675
67210
769242
449588
994229
727498
246583
590682
538716
923884
132759
566444
929474
369016
301479
111567
262535
377544
89132
404612
202484
351986
302183
995216
40596
116360
725785
470663
555895
754427
43955
887225
290367
841685
567732
550837
457772
509194
574961
770349
66217
444297
960702
826575
10056
236542
672739
59830
849308
243126
904419
3477
596832
58450
199092
640064
816560
815801
760864
238219
724138
48812
698318
938467
265892
239353
106210
805711
570591
335374
961641
872290
531881
932211
142885
153058
568685
173773
947694
610626
155093
128992
581728
252434
898887
209911
21017
362371
568199
718032
735825
548235
818462
190847
995421
832677
476042
18053
912675
774153
457150
582544
159824
742925
922791
285975
786226
928094
597011
770381
19715
437247
361502
223116
700718
340294
520425
847205
476547
800600
873656
5702
560030
382144
120377
728918
674542
198742
918400
985147
715665
156704
716533
110878
148971
27166
659671
989530
290396
408015
567451
56293
12379
242694
480769
915023
759861
565477
994894
735205
196364
353513
832534
558218
220206
826425
504522
455493
786087
289963
483765
44346
407313
835724
456485
735962
235336
734081
356651
31469
622717
735153
708516
176169
645994
235159
497934
392046
871514
296391
113960
64620
22456
855299
476624
206806
638747
70669
681627
857968
243304
15091
208252
828031
400011
804712
258132
729262
60776
213148
38717
192270
564949
918896
872291
419524
386169
309725
615724
939239
30390
108030
492107
349339
678944
567289
539481
790068
885964
368513
862713
556315
694374
547395
273121
706992
811395
917385
641821
697837
971298
209646
494873
265504
835358
20057
423203
365366
14909
271894
698126
693236
989425
438108
490657
724489
809077
839979
56515
331356
311079
850868
350037
273211
245955
99011
230127
916709
936081
231319
301802
785811
259564
174136
12382
158800
246250
125013
691451
226496
376730
145865
915787
823976
106407
871541
978532
410221
91225
869417
124721
299686
481724
308917
209420
532526
651971
896490
134596
239981
966572
155459
922769
712544
141990
447662
32273
734235
558450
553428
427550
921917
769157
818168
795841
6460
302699
402370
545000
720056
121543
621811
939887
845920
356069
894138
541872
978041
606086
518196
233958
473960
84682
847268
255440
886877
698438
202642
360384
890550
352626
55424
39599
137062
905802
293755
392694
900807
768692
116249
145212
189573
968033
387163
66350
136688
725243
159903
120030
546059
9634
264029
817968
496045
394651
246612
279073
943864
136325
452707
675348
102272
699554
580794
451790
179661
894764
389122
186739
2511
603300
438492
835737
169679
853643
710703
71429
20616
21853
782848
658348
268197
133778
304817
220607
913698
259694
10498
110389
594871
752668
813722
40060
405617
75753
332191
648991
940103
183998
843664
710864
123817
611163
875967
420090
775845
217081
769258
602325
872290
532255
849635
981550
899386
541762
382349
731192
923866
650322
433344
946902
257902
307741
226643
49895
123268
554369
989223
987714
137261
574846
182385
261992
135255
364543
560282
434188
47454
70784
684288
29973
220540
760980
496336
348635
963857
908638
193926
159890
951604
632912
499024
353676
276349
323245
749708
868841
100815
581062
483488
987709
354268
592969
115084
769792
488500
24763
785124
794604
905685
173026
182285
375049
823366
620405
965001
643892
287491
473912
739494
393408
724782
296807
15874
452603
218507
559463
31631
125165
51764
939988
222503
277048
713325
9735
571003
654231
111017
449085
566668
667483
81257
215710
403432
27277
866433
768220
937681
581761
363770
11562
455773
406016
496026
367905
57304
7895
30716
557673
799122
884963
668432
99668
422492
57612
625127
883020
218778
443240
35857
563124
4317
447276
865059
16238
110998
188850
190949
124518
168660
338981
205102
190871
476965
819370
819608
81238
560072
674627
727481
69928
481430
175188
239465
402808
893652
790050
503513
926867
277942
527428
642489
118064
615662
91046
414221
452647
798013
533333
713208
675949
38248
399645
523727
105343
422697
883127
651079
433377
201428
56513
79911
263875
471352
921768
103423
812360
444864
838410
523188
674402
820501
239592
757396
284251
112862
668427
651055
600345
992302
589514
187581
794695
390318
16835
134508
211175
341339
770065
831025
252655
515356
34264
494501
256658
4107
101938
814981
688603
673939
73256
571231
17946
690425
936827
813088
652579
337024
390978
209647
352749
497014
88700
549078
686238
62430
148958
233083
440027
78142
62180
233676
986196
638126
177310
133445
221973
273011
980476
291005
567026
236861
625931
357844
344407
695661
686895
819457
959260
398280
531580
353762
382031
53964
108168
571561
227926
339541
894315
733189
909016
604667
383384
473656
148576
664974
407130
947578
219572
891198
373418
779787
395437
469546
418759
26643
204749
24172
645636
493153
988529
265195
535612
556846
566376
160748
287776
311299
91728
23453
241852
11737
734186
57717
188676
873006
157870
430116
916755
683378
610374
18267
547151
411299
262059
346308
468091
701419
320516
691922
109033
518645
703810
148732
466650
722404
771687
820675
37162
414551
788961
112082
511296
687548
308109
208960
515082
703577
954949
450496
281275
218143
903075
495349
861737
782133
751821
94777
21203
327948
677868
758874
11704
259882
526241
390401
548975
724867
121143
325882
868810
351612
830062
312766
429258
660670
545468
896718
993017
117006
505433
187125
58176
139003
937212
443998
560133
893477
776281
291325
33380
28091
997233
923032
825388
632292
231687
874016
743494
655554
308812
749372
912765
110837
46625
878061
952752
704727
63247
500689
414056
200012
131918
474612
133196
966515
70855
632333
546328
901767
904437
742346
481171
451391
661318
311167
297637
793163
53773
686317
687070
907579
604651
104237
343323
505700
160576
318357
993798
907523
838449
408468
206558
453424
408912
867063
216990
211069
536044
904574
246327
723826
553404
282033
995981
973513
177780
721610
573483
971087
594178
229140
782213
977608
175994
415743
258549
617667
449089
619862
181004
950402
337919
184702
26599
117271
147989
745651
501495
558951
367226
441700
227847
291451
846364
506205
98999
228547
940521
959754
583658
402773
625092
132070
826723
184474
28176
536303
580923
426183
229341
725959
81006
215713
196182
914549
692864
277600
995369
14510
860448
145828
928527
195378
226224
565667
866742
544968
446499
783844
54403
7660
597748
858598
521100
125399
585942
97350
147187
792298
861904
749584
695000
643670
740638
916468
847768
738150
894240
300727
208920
839731
575097
685531
528944
182362
895748
821660
943196
694335
620602
879705
945372
299754
880668
740004
788488
364421
390398
870831
497338
643871
858718
243167
652358
720275
15571
800335
591879
137701
110662
274993
125744
77376
189688
672825
747325
693767
911952
672101
537415
44366
939815
168906
251748
160856
373329
67861
978632
386021
242021
459062
379188
852333
251701
578033
941358
798457
216968
229199
937210
669482
678116
883147
116545
808257
272836
589330
665633
598176
819645
206696
496989
468548
194786
737684
616619
702268
928488
695582
41504
821175
972887
387721
686072
334251
887869
692526
154293
244350
603984
228852
661485
169778
700938
618791
162692
127608
326944
209396
59106
835978
487000
68596
783251
705343
939495
19728
549763
155926
12196
202436
642040
198781
482702
129286
734429
159349
5292
573986
643596
319233
188780
115258
596410
7280
83948
745700
27522
492947
743860
115916
559774
770374
502049
145521
538234
565137
713470
534505
414562
331879
81208
152039
624428
906833
303338
648787
989448
317193
252041
963796
418216
794622
576198
170627
163995
194722
584134
16505
159696
36211
90708
953196
965554
287460
970184
953108
605673
457882
943514
524670
206252
295215
801632
488016
144975
966874
189528
29522
638392
222802
918948
62379
71035
945386
704519
590300
737887
576300
79960
804117
972464
491049
997851
261298
1842
537083
710111
740870
750124
297511
541913
430512
906888
137764
745163
656902
99950
376525
229937
706417
235263
46552
401635
599007
341810
270783
232668
148265
54924
232443
692325
178333
794736
573244
621119
931003
116813
890848
928195
432942
392122
297581
402194
462684
598819
250443
352335
246137
769607
762516
596548
842854
352658
337709
774867
243690
238878
758269
32743
481536
553619
890137
823509
1234
107646
913780
532304
879255
808816
231672
940568
920037
886272
679600
863737
990069
124229
381370
992172
625281
434191
539084
314550
288895
415573
406787
431688
495844
70455
386842
590087
413038
619002
846416
504904
268242
204081
233256
293463
347338
164611
393486
402783
331520
636704
659847
462719
405535
304222
307274
544245
514643
825509
239650
753251
1071
691400
359074
291034
673755
477740
497950
456190
42490
545875
42567
638990
845237
907644
240384
223723
206665
581441
393159
184646
554358
221227
741450
924063
605267
923138
393047
621478
935843
245876
789521
419857
663670
864631
324660
887582
297656
109448
264098
639558
255565
83248
497393
298576
17906
539480
866475
252101
26487
129242
71692
738450
660747
615408
34898
918360
104332
232834
756156
369554
273084
243146
159797
661032
762429
406683
901198
349341
865412
257890
909621
564675
581756
118385
960136
906317
476128
680822
505240
19393
821344
122803
101736
109128
888403
752553
731387
893848
920710
948501
420137
699686
292479
75297
417901
249382
274039
35230
770432
196307
212447
169026
708936
378429
117413
735825
652549
436488
409936
997781
208960
207205
211105
63703
773086
27521
174942
943009
850615
403138
431193
209935
288904
85854
219033
26207
3436
784697
46159
468313
230964
828636
389101
688848
494867
259924
352725
570917
229896
717120
906058
835348
794994
694760
503197
208716
948008
969753
324351
585542
447991
588894
816753
656010
4749
31061
130438
482621
130468
962739
878586
799840
109725
354588
870816
490904
586096
719743
518606
645733
992789
792061
926559
540337
878296
952769
597781
267927
428992
705970
638999
736351
411083
946269
633691
282732
483620
27595
785168
889777
914923
277093
977950
915798
499026
471591
572312
737791
529445
441114
626220
570011
744469
915517
432341
135572
942459
218521
627239
350416
618362
664516
390863
987104
480690
97648
458724
55605
669117
235338
506927
591492
852221
860068
429919
768129
851205
953712
596306
606663
66576
922063
742582
570339
544589
521703
227023
739944
693785
159577
619981
985822
349841
281904
309197
655130
65826
427841
637016
926395
548756
586823
332633
785361
592730
623450
404137
46711
581381
672734
471486
682140
528107
580305
82841
443342
759668
963103
256646
161582
940838
785642
365772
605204
227543
580822
14089
769922
783078
550648
487368
835778
486562
106191
695717
468684
117004
951941
206379
38023
389726
341492
674057
259888
918566
974173
943630
776962
673426
796477
64069
97720
702030
880013
579313
794543
417743
894040
882607
1556
482627
885921
652990
403173
211045
149950
33182
99699
925721
810947
885291
710641
642041
667779
450654
42338
358426
192849
910190
527208
951887
337092
941962
441592
361879
475524
220894
895310
658726
713161
25691
818525
313638
232686
714621
810863
963389
184331
660058
133978
328294
317997
863864
862565
22719
384052
707100
199655
104843
875614
335402
460357
794393
292082
962597
708047
641146
908055
144919
340303
903253
50233
8120
276454
17200
368523
59736
275918
210376
615597
9749
706647
199423
745557
768784
594746
379021
996677
322029
28708
617235
889354
129221
147996
799507
433898
232640
776779
335026
457772
378721
81597
30702
974828
337083
228518
77574
301270
113839
631095
6827
27766
29601
851398
892970
83618
247209
290268
653228
75212
80380
670079
278947
741234
118862
123405
277552
847075
788433
190302
838237
16393
392426
804375
535426
409050
786469
345050
530419
321747
183871
183996
410417
971954
58467
256109
803106
256332
464336
448149
578805
414494
802410
166060
107853
705724
506154
309892
768812
825990
776054
509712
871970
298352
542394
692880
301053
875766
79426
650693
91932
554366
385715
511723
909200
690267
761195
708612
232790
650116
805953
114391
82492
662572
423322
135772
462064
503348
449523
671786
1334
704187
646507
459093
743891
473606
248866
495932
427717
219343
922672
318411
536251
403621
841717
160185
362816
109508
922128
938235
946013
366257
445098
759275
365687
394387
999225
965853
891075
591076
903697
111640
5502
742220
532461
171229
578044
884870
403979
303601
225719
626115
845537
954337
149006
228966
244261
996824
941990
926197
271493
648656
370989
252305
150409
128572
179840
321017
884028
600940
651626
83
367476
758700
522617
377604
644953
33241
172874
963530
847571
50617
121794
919077
472769
299464
336302
349264
976969
408300
798511
734364
640665
773225
418614
757846
872415
851899
98062
628520
817657
755008
709964
701575
49495
384845
483032
70485
241889
9088
619020
253551
837908
840503
287607
5420
977086
929656
270511
992452
700581
373236
193745
362034
868958
399240
328954
580577
280010
111882
537072
737524
954799
31497
610984
215026
479360
403230
850803
265821
588054
276585
981594
125781
31770
18898
534364
232758
52501
524543
616702
762995
207977
119619
544961
595826
45168
744030
601063
632748
441101
241892
591894
676321
911509
241864
329514
794543
734373
514205
463474
77738
608750
558949
992528
27745
34496
218913
230167
408299
409226
74833
65919
405047
38179
682957
229033
903695
842789
669262
155130
454425
92890
827978
219863
899448
593093
351941
156033
284195
505743
150730
800754
135499
243697
55394
718494
690549
252905
806825
37568
640613
613234
538339
136055
366344
65419
383049
875596
631548
451443
338034
597653
860746
985083
676370
362873
761867
649799
835254
52658
347501
757633
967516
861684
576472
987324
44234
250546
180505
415433
744497
632368
305261
498853
461049
541175
50388
24900
571371
241994
920093
964479
371736
332247
571147
499915
958113
362325
169422
66153
792511
482222
215468
979426
890133
926571
967582
655076
266568
232532
735120
403639
246081
699414
337559
167014
955653
139380
352210
561408
882725
626610
926238
449571
419929
497772
87657
367243
42330
13487
993020
784069
59397
441203
484068
118810
628640
975102
724819
562516
199414
425737
834726
783761
402058
183468
718775
569230
303884
798025
730708
986112
950211
894460
619481
136472
869771
330043
257150
463491
800937
123668
890716
370082
812624
855445
888208
606914
224544
625135
204460
638280
754256
425305
518233
177180
91868
286475
701877
999362
935544
121226
68715
522158
100815
49922
82175
636638
202858
78500
949669
668190
588239
509278
98386
181801
498015
306584
19788
761631
564663
989095
806955
908646
452913
402056
971043
426033
571330
777481
521825
472111
495881
80598
557295
856782
360233
994063
220414
217620
986328
758421
249088
36723
874843
422019
146270
403215
183147
167065
640983
813380
577974
168673
530160
715972
845492
901516
112579
649440
111937
950456
723168
428079
326889
451944
916921
386348
441082
581285
597074
95948
318539
866910
52122
717354
289670
196045
708632
442137
616192
269127
818135
909104
349909
6335
723288
826891
718870
169325
124980
381403
985531
938585
901707
92865
750661
305230
698564
988229
174761
676213
926600
237662
357911
363002
510394
420000
829571
763164
616099
181704
631692
866194
677552
343158
626192
336442
560136
151323
432695
844018
561902
218300
963609
156433
315225
395527
541857
99667
849776
782499
151610
861178
888650
840613
691052
153544
365906
563020
67583
329506
384400
514061
341478
714411
293757
451449
743381
807085
343843
89715
490654
581672
417400
618346
885144
501854
715820
87417
738501
654332
989173
740508
707529
25936
156126
747859
647985
709953
802697
123769
88474
529790
354726
629145
601894
686457
710521
612798
35855
154448
996542
623351
596202
826222
78959
100784
192142
119598
119976
249204
919652
765842
340315
562692
924213
868864
675393
964787
898242
535446
530564
772579
334613
671618
430166
234633
752331
35135
922594
866554
818524
409159
287183
299626
365813
19471
249290
961018
260627
515828
370467
243733
863560
465481
721542
380610
531104
692059
631847
332736
919900
28911
21187
796029
19569
12416
915881
576920
39531
340924
936592
370201
690128
592680
273010
756602
731616
631468
454533
320846
830139
572316
319739
648979
162399
155487
739644
129395
59169
286182
756912
539246
287880
702062
888902
161448
525596
971499
183448
436259
976509
641964
983770
736928
390539
869195
831157
716177
629848
760952
721427
39567
430584
32074
185305
226946
895995
441589
189701
8343
236352
753938
693350
263974
319346
148654
289671
697602
408236
115776
585898
855064
281256
773295
965335
280192
114609
38691
636674
576889
246640
780681
91079
854109
439712
326802
261199
433651
860507
477806
427382
517128
222700
229958
731348
112215
589705
180593
558916
31097
240304
802740
81061
379775
341055
343769
50035
693105
318104
324705
111705
387601
447187
33196
278858
739967
403476
292066
944317
772043
964048
552471
209566
414532
92120
400471
352018
348974
548815
673892
909794
30012
251448
329616
10303
236100
168344
89893
774327
602932
469797
312802
516351
131644
552281
867022
438473
999253
320813
543732
251308
989570
967784
384059
7298
75816
382253
216370
264186
270063
58332
114365
242435
653663
467880
766606
373791
150266
252291
220637
819736
46026
808241
394063
578119
261021
795911
240480
926228
899253
473705
817721
17173
494975
418484
19332
143957
731513
777292
107457
687443
923865
146341
661104
800527
579244
990854
644165
387366
47837
744354
109630
270543
196721
408198
857382
46299
34586
298489
291108
780009
126227
719397
800493
330297
15311
934633
807423
810344
354893
368278
156849
365782
375054
231514
245444
953360
451231
6631
895318
629861
582009
440741
128972
712440
88440
485299
312544
86943
866521
426303
111482
708756
353591
303221
800898
413990
149161
218024
516821
457194
408316
817773
60386
228871
886039
871591
162731
836037
53339
224543
374444
427094
229163
660193
694080
552376
327187
208330
787207
883078
975186
503675
331930
652118
334584
393012
482217
703815
586416
35281
45372
544544
561670
187857
499585
645787
569264
601563
615734
517202
164643
651009
328070
418146
58729
626910
735950
78128
543460
266881
634888
457200
803997
343267
423785
234364
433382
408681
541903
471085
986803
338897
1421
795026
977622
71091
450392
364027
371247
697318
996656
774545
726378
50429
288443
42753
83390
434869
120696
659134
685940
970571
116731
433468
433210
582146
79409
347462
948738
397247
301172
465667
536565
125730
377654
71471
542898
720968
504171
886573
472338
427122
569623
804227
129006
441064
380387
112638
100433
439014
249284
525615
889185
15384
100197
890250
693935
706317
768193
723324
226929
89136
146507
421163
206120
241589
145878
498771
714262
734682
632644
690350
742813
309948
535716
486410
265989
159610
554951
60932
184650
825027
90492
703747
649321
266207
801131
817200
701500
24126
533736
984754
930286
209019
711184
809214
241393
445869
961219
780659
793637
311432
384081
500795
57495
113425
254132
50424
874817
737459
109387
314741
910250
853873
549216
201495
353662
804992
827001
990541
646615
324051
843978
944313
153099
185846
833458
300300
759712
93584
965948
45763
51028
765515
844348
114401
8060
447633
542098
448755
815033
372501
611929
227858
348247
572794
679766
600988
953307
169276
846239
739356
292918
684178
687282
531771
645453
748409
379563
181196
557657
678049
934603
902176
463658
318885
283461
996793
523249
462575
331293
803180
946853
206515
787043
926567
80492
302060
824200
155537
53698
307345
930212
623666
51711
563988
175248
287466
404967
566243
92531
862165
510706
677949
500371
230477
858922
541770
211023
924309
348023
385772
337623
996865
420791
444600
706432
375719
109803
386430
10172
422266
583318
983331
840913
576085
699276
761808
437381
255632
744114
127857
977855
973012
188496
710793
350630
997308
882107
810413
765973
633683
190071
217621
236339
212498
532429
912986
491453
772239
241768
284897
14174
333064
52570
982942
116721
664661
254115
750135
238309
271041
552392
254894
600692
624019
389828
41019
324406
735656
595375
668472
285042
694594
375331
271293
1890
243732
245353
964152
627872
858715
338782
622161
263015
794452
400058
846671
428884
827471
331456
576032
763205
645732
385391
918110
771493
234521
356110
334234
394681
783324
193975
990347
381615
576882
78474
330263
373852
340130
461779
630390
113707
696025
275768
142161
528090
909084
81871
113053
808126
721926
130152
95259
638735
558877
652837
627558
625913
890668
295002
153776
644679
495817
464221
638627
635344
724005
672827
320085
861616
255027
183186
432693
624094
164066
688226
618504
946223
63636
31226
542157
362926
727182
447412
454520
327605
742047
763410
423059
397074
422367
448746
167003
46837
31510
202229
745232
416440
209648
390406
753483
292876
108715
291828
988741
288242
305835
927671
198319
973064
471736
15064
755097
155514
621604
994983
781491
177967
120714
926298
518528
644334
88095
343125
288274
306192
902267
490308
999995
279354
325844
544056
260681
459672
614131
618563
898178
183281
619179
462268
266517
172021
373783
408679
281684
153756
762404
287297
577551
94976
16648
52525
277492
323731
96701
613975
517816
117439
354220
189847
758973
269948
845723
596069
547230
277625
827661
281612
973402
805395
637953
925879
193311
814019
874714
923547
113151
486109
668962
132967
365781
632266
775963
338957
499092
741045
812871
369972
503068
377949
374298
589780
246280
87596
205749
511306
72803
907934
377542
183775
969159
779830
740793
911999
637822
985985
645799
550127
37600
404704
912426
370003
715545
705743
458508
919970
978462
137079
995712
3623
333226
696351
547380
485910
332380
606667
452534
299462
708657
358317
957690
931119
33610
433566
922751
956479
512401
162799
133153
381017
19921
69365
984495
944865
843568
130744
69895
638086
319170
36995
557108
796391
810317
129148
359781
880011
497623
551547
888168
703385
900346
604154
890252
396488
213217
452489
29616
699146
183170
946234
123231
996823
771943
21588
928168
974997
616277
211992
455376
529816
108086
824341
368316
58624
916339
282199
448743
4067
541696
232812
37563
214273
462878
434852
157612
467847
193374
439693
582351
547727
12297
355479
372998
40499
848149
435058
713008
5330
582873
756677
272503
533566
26370
651128
722652
914776
319207
612450
379626
427593
289154
564778
507940
970889
890979
489915
966051
707974
357425
683083
640039
207120
568754
817523
37906
456234
327018
896631
567999
974564
536524
908731
491482
900626
283622
566901
314612
761703
349698
585911
20727
835324
665306
120894
396671
743018
662786
126732
4733
282797
464634
221112
837470
80838
681449
264690
667296
180089
284313
188659
363947
893184
808649
414963
627227
322091
771591
657003
478426
132047
190984
864076
803559
307924
106197
267760
442876
786232
152140
998340
563506
497823
320028
483668
260877
653166
27948
842788
780573
979432
310993
832362
483225
393399
477386
250712
526431
316189
450816
164284
544517
671450
587679
898467
124216
238021
577309
753373
274756
752460
771472
952592
999396
500087
407611
930666
727875
537888
609249
504375
28114
900115
707038
315852
165799
687117
939742
194431
884896
221578
751858
264059
799076
527101
67950
494429
503859
563592
513193
553913
879416
759276
578039
738472
532181
386961
865361
592630
251883
335997
96131
909029
773630
726776
471842
532336
930331
862215
176398
377346
980344
73509
417839
934171
928330
5814
39025
257209
300594
127261
258462
781190
224883
508136
50230
486157
703671
164697
2328
897793
353600
967188
406232
99103
998764
797746
275827
88565
964912
780386
386663
805182
242813
343786
415595
250888
681878
775212
281639
565295
900689
975544
383183
296402
902153
408766
489171
553549
986535
673634
819065
680073
851387
741875
48876
41922
576266
157228
583485
137299
938160
342885
548724
87593
202766
433912
379845
835482
679862
617102
446647
832355
434906
384724
222226
835478
749271
959280
717324
668655
276922
499937
772280
950176
617147
886542
202028
3906
79879
824993
48131
606982
540160
765192
181483
542326
177374
127696
389876
621918
38908
875895
928867
667480
276242
707630
310312
524189
90987
673179
485078
973935
977295
20937
130071
225223
771625
399700
603875
814161
222171
772666
148869
34973
867791
794291
969091
236007
781491
550983
648599
76084
342216
636573
81509
196776
94188
212213
581591
735257
899474
216983
591549
943647
639293
602295
996949
257723
24357
30303
281438
359087
281408
844206
357885
916644
609833
986526
478209
137720
594897
910223
361344
980552
646324
924311
558029
807267
593148
492589
672357
556858
424456
823488
14966
438375
92002
482273
855506
112293
168991
155873
115348
260351
271651
888516
249620
798448
565060
902774
98559
493223
221287
879545
734796
589169
697128
121273
585985
29738
601231
56484
89219
731697
484148
925263
509213
149222
743669
464918
736596
623913
930794
482414
73211
181710
262578
269456
122932
616662
34400
161688
174875
864832
774498
689427
958770
611343
623525
394679
961826
609273
470242
241155
896231
745094
822458
464031
485183
746629
936608
903082
51806
898922
563756
1207
130909
115048
187053
55087
213795
72476
550194
398423
722033
294477
930311
260365
401993
196469
185099
690052
641473
546265
748863
628426
180385
775240
422825
409874
194092
828143
336102
171424
58144
632833
25392
429337
365396
170211
109206
595412
303255
423734
884583
743178
636772
460566
754299
745474
935130
346723
222235
6919
942750
77556
540803
816921
806331
742869
790020
846625
175672
957569
446084
157900
951471
276795
814684
847370
743467
833447
355202
409979
317869
741471
683977
99401
830581
989006
170297
965787
82627
914511
739792
561253
398207
167085
991009
305811
612506
637066
379551
1962
746161
329232
417679
189714
482467
536067
88173
484767
319522
875289
691974
363407
945319
664087
265797
863744
530126
264868
109321
528828
419211
745582
700442
565468
245960
975882
587668
427912
936124
291370
407650
803909
315539
265656
431268
779248
53831
882436
479498
537858
26296
302996
105056
773658
160578
957869
439149
830590
969618
847293
817769
354151
797958
863299
810315
105786
431205
841593
815870
584810
714395
65844
672630
722646
954803
293851
169710
785435
425488
489704
594652
998012
499120
619174
30597
720787
318008
662899
638530
638369
831903
143681
454285
293399
192258
677433
670431
761020
373556
798371
403377
342031
56374
321976
199317
366037
505451
651679
6737
950176
508790
357893
789053
283748
881059
501393
703924
265533
462917
861713
679793
903415
247952
651685
70084
903210
386529
948522
92478
648844
249882
44095
341809
761573
968494
772619
495337
564661
833027
344242
148326
45715
315372
971508
121462
909500
49011
775549
422288
810645
833178
295142
263958
782415
284534
213398
829986
453083
571509
761167
893540
676569
252547
770726
371999
365282
744565
242908
969875
901094
732366
963473
18565
297946
130841
540162
694578
811284
720182
960373
984956
719437
648294
675926
85382
285359
731580
560127
670736
447985
361562
957438
161628
789584
91391
460666
851008
862390
35348
896712
484994
79023
850377
827364
692856
734797
799192
407438
19538
8327
70285
333218
513355
953634
992831
14194
551238
119053
577739
578449
566178
901757
523080
729132
274239
213992
665882
729582
398895
220734
733368
793882
423133
272064
235477
526883
102162
840275
588800
362329
381256
517777
225429
985965
316998
595644
565711
117813
8637
376998
663149
185610
755619
615144
737993
922259
855276
703597
886468
858353
220429
966488
890794
781615
465590
156775
168186
836026
687867
727894
810114
634870
63704
906360
423296
526841
539189
191894
363297
172898
409150
197052
369339
458433
205621
82084
657645
795183
404740
502058
528417
39620
836267
863066
797640
857259
733120
815152
361554
395335
924649
810754
991972
394056
863960
222427
631667
531228
414189
921824
540630
730150
558953
359812
724936
461383
378327
887262
641342
539670
534756
910946
904544
364037
295445
393903
57860
420197
322878
881527
988389
582640
126141
278902
747617
622025
898380
327686
835210
266138
311832
91464
21148
646320
972699
755449
244403
279781
697269
731069
304802
737988
734182
936898
664341
305786
999344
690164
145773
859598
781036
17357
285138
36505
971519
705345
80178
224224
188991
70546
808219
307863
995557
380047
859505
89690
93298
757417
853266
588787
57033
689507
118230
61438
767333
686592
61885
600860
730602
747521
112999
839917
815863
205588
94417
52954
888531
419582
382326
563262
555615
503594
334018
411411
284392
344248
839288
514498
403205
166907
944139
881849
52567
280376
741400
697714
282159
523839
925595
449828
903789
214539
795957
501003
441063
322624
723717
950467
85097
948828
63333
107374
830273
793468
50464
753074
510694
962566
903533
117606
644675
67664
60933
988319
344762
279510
18577
379683
867061
390584
649243
475720
445087
330025
632364
606948
201256
572131
823370
377586
973119
566942
746839
897271
220500
652042
341932
550686
588069
572562
802096
836882
500722
217560
475626
424559
429841
653222
390012
362618
148047
806621
881742
969516
976865
86075
367880
453422
144534
436369
653572
924691
896332
976659
253276
688522
844373
440728
399610
553349
124912
337179
682758
183536
820705
108433
645849
35405
437792
346890
439578
308179
245386
829939
610326
930436
901013
716712
524032
453878
121122
523847
717006
902965
336251
962328
963104
758182
947447
490348
12451
808630
815654
342277
860444
997809
305345
557143
428238
605109
465952
307971
24366
240495
778731
456555
603195
617940
45493
736909
489832
694948
598869
321353
236677
87052
762396
722400
137252
638583
524183
11205
223363
45383
435008
650181
279412
48984
30401
391092
931287
782176
616269
342702
385387
120852
276030
166677
188888
654805
766239
440241
255641
940940
449014
137643
65605
620241
76155
175905
717326
986521
84078
806361
222831
877804
223869
800702
365791
697977
585766
174394
47189
524242
412830
271739
121916
64134
9319
559797
29475
288468
713825
378642
447507
500739
831613
555072
961879
959308
177770
889241
128839
803324
788372
737207
155975
974484
556800
662757
715313
298522
848520
457150
265518
915106
540897
583695
954182
802604
617315
141408
923191
946662
507381
6748
913301
512727
928206
909969
604018
824497
660023
932916
735802
248367
359777
83074
615404
270394
523721
975066
27995
374224
65619
833055
971633
643240
669083
171849
517597
912498
454065
639571
672523
834575
412519
853710
465204
663541
109929
244113
567794
72431
407415
179646
30981
664026
233166
904367
510124
956650
252481
360651
80390
261314
677623
921166
486062
186549
199425
458369
749664
8677
980182
315769
191315
510539
718266
434251
498739
297395
423500
932738
999604
984149
596514
125289
22668
723920
470833
200175
921392
11176
943526
78949
628960
171120
160674
159060
535625
992563
646629
527940
256077
400954
70027
567747
26575
782596
505352
78378
419274
855488
74308
787188
494690
616027
232913
847795
956348
981472
583852
828966
832470
726429
163291
782736
797231
667286
788623
883894
220283
239573
855219
255915
231587
469577
438335
807343
719146
648432
474698
114675
560388
970530
742428
157650
50038
644863
568931
997476
297057
489167
955524
675593
680351
91339
691175
74692
141187
650571
58760
399615
113162
448252
306996
507329
206447
663336
331857
174661
342136
920669
966673
235721
457960
203136
776951
217283
637351
955414
873925
538165
127572
592335
681388
467910
491127
15053
419541
572581
795321
657146
720841
782444
245849
633259
212295
435595
134620
170696
450810
158254
125874
204810
628610
402555
356513
824513
874150
47909
63512
460989
840650
231424
641064
205896
741965
598381
30813
451189
654660
900957
748431
835373
211042
197563
227203
795440
595231
293316
226833
580505
798140
494334
907607
173175
615872
203205
732853
965284
734288
180914
945511
424317
280557
356933
731422
464853
628294
555495
470172
676181
315208
130983
957196
924288
73034
642557
558773
944335
21660
104489
940696
907145
673679
695309
814349
549489
907319
290293
378643
254464
430634
590321
820615
58142
892676
294412
190631
603275
22796
803515
863951
368865
915932
305994
863629
481652
600737
903316
838435
18308
823245
555148
189503
559210
979519
507116
607370
702286
940964
330193
974536
155396
100742
398452
57573
153228
388868
388108
637605
478818
758449
360873
306363
658128
710308
868633
907411
216344
422776
686651
285384
137773
150286
487622
960570
204732
390567
178378
428645
811170
551101
229139
851491
115675
891014
403554
623854
326902
55788
806640
810975
307825
827708
371962
231402
335364
354263
428114
87830
855034
314571
456232
470770
740364
777833
516481
799879
921829
499267
454712
245288
706858
603219
466840
60284
736499
836962
788526
654097
840545
143154
367088
696411
992220
909313
692963
379999
826961
167768
839026
813074
705594
58322
463960
312498
124447
574681
404668
342442
954877
878083
78618
191406
523410
746608
840416
495976
426319
296835
963453
724085
274184
984157
847959
678039
541614
525225
155609
131849
20008
60960
195779
173584
265455
742665
630285
153416
551459
849328
407155
816602
183419
925796
802443
545008
50073
788272
744846
926419
829893
880466
873333
989793
684780
404486
281560
431937
653878
805815
976256
193355
364406
951095
973052
782915
973826
168268
856944
34996
704086
792431
676360
483850
398701
298998
514905
922661
508928
947694
358820
298677
960338
15948
912108
962358
928261
110873
151100
254572
117467
257962
330042
930868
337019
451571
198796
597145
273981
164690
183689
286625
731563
999465
370994
12445
159387
558575
199791
985252
619822
767162
187892
924396
934537
967412
886532
839060
146411
289391
538375
873424
323630
408489
559201
569602
901109
311602
34220
638981
75954
903463
209904
922875
590535
347180
111178
909389
94923
948489
813251
127304
531887
115569
95084
902569
2904
251816
542677
260041
940643
519689
452925
657613
339786
293706
37691
325111
512865
398989
885418
473437
806986
550292
142530
109255
148331
456732
684124
154854
984052
697474
886670
267024
180379
872001
218450
736883
673228
111066
623427
530016
980373
532919
113966
645267
41713
376054
141112
3115
793007
901553
268681
151552
533413
938954
629789
894660
175584
714045
261899
860388
450188
436021
885587
33265
572858
564596
242733
724466
134792
310143
397548
472338
142840
58582
177278
880994
367520
81161
323037
589005
639930
319976
430038
854316
280180
294491
27847
866038
50389
954385
143569
157965
752721
166673
877920
338169
923642
810044
632198
305676
928924
712479
522806
483366
490118
710201
905527
769935
479139
873910
259808
346371
977506
732606
116807
592412
617985
349217
260527
933229
640014
930651
303215
391599
602160
259173
515565
32608
526628
116008
60451
544015
153124
817408
717613
653349
47757
516762
50206
56820
492673
112054
525177
54567
807198
315990
49807
545235
221372
645530
680318
287865
547887
705006
949151
757386
761794
909000
216989
521041
803420
195310
670019
939361
126808
929234
981559
300429
442579
262637
433050
414275
132903
283131
644990
119846
248000
704107
686035
854115
714629
988259
573462
666595
609721
18822
196085
431100
955706
842040
666144
549050
909755
897533
860692
909683
130439
449865
925990
920383
447449
614063
593626
225080
230008
996484
202319
13813
327262
487364
310681
827630
183981
975543
443289
367063
572244
711392
535592
348182
51781
202217
938009
342279
946506
988464
348515
749352
738606
847141
987346
203331
602745
667956
683339
252964
368386
201586
711623
205392
376361
873651
553896
186366
238047
841724
241362
300932
301465
580871
844123
798127
545173
8698
77552
282060
973269
567439
568187
348405
153219
653234
436479
231420
255261
917798
297242
657706
729576
376866
538370
382955
282424
457448
541066
6532
143613
999521
554733
341215
882631
475048
829993
38445
285519
885915
330369
850573
894640
961571
129782
96438
458566
174323
990406
383501
536233
175060
587371
95729
123499
504168
529574
183062
335088
969854
310386
816181
758566
973213
180409
104594
504667
70380
504430
275637
995161
857417
624147
928603
969591
986224
771254
810691
731009
225035
328198
44681
691333
420981
699808
656130
237013
506652
116550
570417
561760
385615
169743
2066
664423
425226
922705
93655
673188
460783
853769
844720
677582
508215
237148
473254
519062
324940
587866
587206
828531
963166
187830
854626
762514
878035
15647
727154
516840
57348
479047
522083
376830
361685
820297
832992
587948
101338
333942
219607
842622
757282
830895
474764
529218
642931
934642
396801
683195
577910
674887
315137
222595
663683
376598
220015
822928
317747
270236
523949
948156
558291
360979
356559
37403
374411
415360
177842
78860
607854
415332
459358
760605
635857
595374
788903
205086
626562
185145
639421
966496
246765
884911
310528
427678
731299
394335
839030
854689
696061
550186
166921
880387
378076
564263
435096
733644
926184
585038
459887
799785
527960
677474
377172
66689
447941
684887
107363
187757
320415
341104
573882
815109
640819
759337
315921
875416
144684
784842
974577
350985
11591
34786
620462
522092
948059
750580
212075
826516
195342
65128
468724
532669
588621
99088
329884
420873
804437
625604
944812
70929
294899
621442
25217
253392
520699
625717
35132
82644
403985
13395
839099
441418
879342
906342
688745
737532
148478
817997
97115
925103
665641
30780
620652
993592
892292
643438
318306
564003
44218
994538
982814
270126
70273
605041
342547
353393
940927
745965
771737
772890
335716
190333
260536
905821
204685
723802
96799
667022
780246
830440
185337
949881
462106
9891
961389
585789
156247
22014
790669
295513
294539
448779
724150
442561
997613
399772
500713
43395
347959
378753
613164
49762
392563
569168
916733
777409
518825
758097
674171
298827
842319
331720
358003
399747
18543
288073
617447
793011
982304
727212
681586
728621
462476
766449
783725
53828
855651
338145
825823
675958
798326
45645
865012
100988
234921
638937
496689
360600
283145
823840
688457
142069
515513
797261
702015
686669
525480
939680
671648
667397
211620
325338
899111
673762
877952
522232
663442
848353
600028
510145
168959
409141
228960
54727
485274
365682
172608
555963
739839
309005
595753
253975
401701
903842
738779
679120
293351
289613
664513
558417
45735
765116
783371
671057
220583
852446
401441
937697
980249
305560
784818
625559
993381
108540
179877
847496
158270
416372
91861
128907
248026
486641
805911
538334
583493
952513
816861
405064
814861
476009
455025
305046
257778
585120
85639
155427
592941
54461
937941
938001
534654
814279
844120
409323
486097
700891
502931
132281
490754
961159
281961
997278
339126
426205
918858
988723
319558
536609
442277
217730
311093
968327
290874
584327
352590
481468
969275
848169
500632
500192
25892
4663
703803
619412
457952
659637
532862
855047
708486
767344
493071
922392
610737
554471
183902
613326
985695
888219
48550
230365
375831
154328
281025
139739
553201
995740
832835
431400
947541
945979
712714
338251
801972
383860
10175
563655
877635
430101
57483
983955
621916
798316
746861
693286
878557
813437
302219
549856
34145
24031
552848
293631
459357
776718
975054
280574
831128
861277
265186
709373
579464
1266
791676
327914
627843
240935
633715
628685
407908
932078
104980
934796
454130
483614
171667
589542
212290
907070
204183
115115
474363
165531
243893
369274
342473
312449
139181
272094
750892
159086
361357
835608
770889
510956
652236
324930
628298
962654
620363
627395
598468
684430
672084
59342
697688
134513
416199
179175
962575
548884
613259
109306
757774
182905
318406
475466
677652
753633
647456
356417
887587
779537
112816
541033
797900
369623
578572
990292
177552
626002
629818
304085
292419
718981
7174
608701
786750
25025
664877
950124
734978
691783
312635
752457
734526
990077
776029
44890
165090
809371
945040
372741
666418
481202
739042
994938
138418
933411
590086
157200
767357
855485
789364
111995
877267
10824
34191
517005
155181
260165
776620
283505
375491
571061
625529
991144
552617
374909
52442
70522
832682
185152
494805
654330
461611
912570
300686
345894
815418
365031
507754
317555
767363
150638
424675
502869
829546
773645
584791
598066
577803
781595
677173
37928
257005
147647
183151
218949
170955
60080
23685
479136
805652
121958
634270
400803
761998
497731
819107
359775
995125
993141
62875
272558
644929
886136
630867
368493
9880
549308
839590
264066
58623
770174
52519
58659
577567
909902
819110
431953
41580
299660
802573
130664
980179
572258
957272
659832
649802
591907
610839
620638
690810
855205
561117
662471
308557
698976
75430
501797
962880
901587
207956
885147
234191
620534
315275
308927
785317
467282
858096
328957
356939
447298
267606
319702
202464
917591
157913
925519
307660
183608
342789
302082
36658
469096
241192
488736
41054
525771
870346
758239
460945
450096
196102
36836
408113
767041
9623
959255
450908
708736
898610
133527
98991
544200
915221
434753
918169
991832
781821
862076
984603
491329
756743
725908
111098
854771
516296
520841
376061
644856
984679
430388
747330
653086
191226
266731
958951
837621
260728
262707
634770
318679
915717
929354
549106
474811
106856
41874
757418
875017
481266
519313
882231
266489
24513
700202
431070
283109
283090
333048
118375
593097
661357
851630
63532
304196
950643
854659
733134
25156
163995
365804
294760
350910
490486
162246
86487
247255
52045
564439
651909
17284
913831
512212
440179
373809
821821
805702
208557
5022
374361
410425
251792
668287
741831
48393
128447
56222
325407
94832
755174
728510
620941
548231
830842
747948
367231
454779
727651
313955
275110
14951
820658
549856
607326
210248
938152
303502
133890
842103
785742
185162
63286
167452
396330
640852
612103
986438
26166
781931
680282
266989
435441
837034
994645
494372
981763
914723
830529
168050
277033
39395
699506
248302
961922
985649
753545
72962
35186
635785
86164
358494
490942
883857
893402
719119
151813
900285
730686
604647
539221
736290
671192
592851
1380
670885
987796
113889
854072
408846
842463
596104
531058
359358
651241
450048
407319
626631
410269
698638
619640
991816
255520
805960
795980
215540
966275
793901
403870
308726
385684
242849
721633
865854
952311
719978
534907
801147
334313
214116
211380
163376
243599
782334
678393
523915
382562
251667
916781
531073
398737
856462
686764
122785
6207
764362
295741
286303
585316
402833
315901
457070
511917
8664
120744
499955
850229
950978
604378
803931
835539
737393
10423
100583
309648
18255
953029
485878
728233
761487
596976
354446
794220
310209
208880
152707
491954
318028
41753
263045
547540
982972
752087
4431
413877
112320
858214
616139
574776
439903
224456
610921
372524
995408
544507
913295
986015
653065
420489
7749
88747
312702
85956
252096
423391
227024
732914
755708
839553
756691
111832
33243
308360
287664
674360
217574
924048
584435
590954
641122
352463
854007
35412
935835
133985
613802
750163
767202
931827
308274
940503
75709
763692
742303
954543
684924
761970
636660
187031
146850
934720
240923
417374
993429
764179
112680
368490
782939
392887
455500
193795
879033
896547
321674
146561
630468
43680
94085
333149
130773
293171
626115
907548
334449
977184
37059
181734
731333
12555
392427
384353
338332
900708
81500
687623
110001
336874
763993
532462
676358
817201
150686
574175
14594
418242
392212
819736
252428
525938
858085
597824
619066
520347
622256
320910
587072
610239
92890
220159
219621
514956
968332
449794
108427
357236
240832
646220
400622
562558
148249
342158
912971
410913
979924
209437
326717
523332
815330
922729
407959
573263
979312
667119
563948
423943
909397
849518
122840
333557
453962
8349
895046
301485
375450
846595
522751
444538
470924
300767
186027
462297
32006
226099
948334
718862
786178
434925
673793
192124
360907
841354
343159
560818
134607
536600
597892
923468
924886
532892
33812
168052
742123
872794
163507
982469
911562
980583
515219
265519
262745
964309
547634
953399
460527
417275
370703
868654
144043
418935
718921
599594
650383
635564
834663
139557
528201
51126
782730
20416
589685
494432
306267
759833
596905
948054
333786
18553
918955
56110
145803
773277
440189
443103
212166
437750
108248
678605
353426
221724
482138
199673
938077
366459
648176
571305
556226
532836
949137
589829
175352
792490
987828
11612
982855
692475
147683
664129
545518
934288
943076
200673
964015
272916
828075
893608
987491
510689
386169
898161
878612
899366
458098
93217
180541
951687
476774
863221
200504
700283
577641
63555
64094
204911
559826
509676
525444
629620
113180
334084
176579
732831
33463
568610
106409
997471
183515
331287
495144
524549
985154
989155
778862
803385
19804
957822
376492
57876
865693
478111
471251
420259
889874
104049
480745
394050
562920
487483
865747
834927
201165
488523
249008
466280
133295
61276
587368
946663
291830
724232
932878
818352
296541
43983
699736
38091
581450
838881
570953
994822
214159
66825
601324
674612
415316
814355
511134
589798
712898
690259
295626
774495
33938
973924
311224
431068
186665
953873
732426
791626
895052
375190
626722
495247
136054
86762
685619
511239
589082
260195
593411
601672
205883
147176
784151
426047
468933
737486
719500
36646
271718
999125
374493
79380
246490
370871
594187
541549
437757
170151
531132
185922
1449
44902
204856
91060
26758
962828
289017
557493
964198
682591
322994
529631
159379
450560
930219
234457
544713
839838
204970
137674
275119
719522
43506
949524
858941
188331
487302
602522
471920
96694
58895
349822
367576
243498
915167
739226
821003
612987
664549
498554
870384
251459
758374
732870
735188
158157
980788
14066
307735
155889
604186
353159
727995
949614
531426
612344
713199
195646
36401
599181
168415
391902
881699
710411
5834
446027
700844
876808
415103
93649
346259
4170
560078
13655
995924
486398
565101
350354
311589
496563
443157
339739
744195
245006
169761
16388
63400
766984
72871
815223
580794
744842
537830
658417
391843
147330
220155
381451
311600
373522
700851
730294
709385
627582
426494
585545
328787
145775
724088
114243
401214
55364
186890
150107
128335
182856
368447
1240
712354
828115
775567
998362
391881
312229
974311
616222
927550
673890
784621
151680
380309
668121
320513
878768
106501
907671
108796
251635
269793
486989
561936
615689
552111
565805
434728
430956
601169
28899
155474
60494
451033
814887
925604
188189
725812
584415
17367
243478
331265
166917
90068
488269
591858
925598
949195
262397
794594
905305
224344
108393
801906
935191
46311
983714
779602
420306
1765
841757
889825
571224
132948
333324
457349
620087
181112
11124
226460
440383
523883
599004
653101
491846
123510
766596
691751
976742
697377
192343
5213
968393
925676
250331
678066
183300
790467
897297
129527
446129
845782
497547
880091
245881
317684
108336
767046
878547
904547
234562
798577
963111
136105
818216
418104
556090
365804
728945
685349
386083
147076
544280
481394
203173
931397
72847
27464
963763
964779
97927
54446
389381
591774
748839
786156
18618
235974
251712
30648
807368
316156
815581
177898
528223
376533
464564
667767
72492
600921
707739
261314
880601
59344
536476
881496
967699
488090
116911
713247
516864
716102
49894
126952
585237
549618
684913
202383
346042
571823
313084
22180
474600
348549
475312
893515
985287
450595
95492
190268
44472
446658
655190
956571
976220
225236
463829
149514
359811
20150
9386
978493
73015
448135
582844
517781
482903
501148
590930
861465
812938
282935
737236
113848
456095
953062
25338
933734
970448
404021
245100
498909
444246
460590
754830
237573
244356
1983
276800
953068
213282
97523
291459
533154
532842
685453
756603
640329
253562
213345
987932
462917
973365
722296
114981
289574
975619
922337
730058
182285
294460
942560
116724
871912
486591
126044
736350
584103
318417
669805
455505
118435
658059
764792
383349
521091
453091
445923
217440
902240
86876
853874
836278
762901
602341
249573
695129
972234
921716
509508
548810
560701
82741
727930
697060
462021
983708
45300
571051
756493
835807
413768
285919
142817
99703
746660
443562
23610
547287
73726
972639
582541
489764
266652
501609
215668
429459
682437
682737
78163
168101
294123
691110
520236
518945
734295
395464
672748
485872
580397
287936
30489
824886
256131
363921
210291
589717
30830
685443
176808
761168
530256
795856
403703
798281
212072
554058
315826
975055
698030
227310
800509
703091
308081
764126
364913
433166
93051
650286
400837
215915
60294
319145
16853
715838
783105
863312
625049
954599
863175
203281
864495
985305
478140
771693
263946
609541
641979
657932
169363
399102
220365
661004
665555
735888
866216
324628
491163
969624
733871
21567
421524
425409
938172
4605
902303
760570
795490
50379
280630
80704
431153
125743
573800
683959
28386
742929
733777
704979
815669
225448
994638
297074
496262
842814
409286
57931
762825
732552
134180
315367
450296
426968
745657
502035
183304
392420
232269
650473
299258
609680
932657
767274
816756
659230
226838
353206
483115
497161
650252
667770
1892
358512
625250
394545
782352
981651
348166
452722
387512
611805
53898
314691
248644
547792
682857
371513
586963
610045
278309
491356
674943
191229
571541
263178
317024
574201
818369
280150
330592
774081
427819
975095
427556
905149
217795
669406
806507
543142
253724
315292
815651
671798
364809
936033
721785
533263
906438
516184
560753
913078
397655
753925
766285
820023
382546
113665
166624
762383
198062
414672
861442
471723
264632
378022
214184
429678
799893
925716
960816
477054
394139
647227
359184
902601
466789
67967
445751
865428
406672
198247
697331
708915
507773
438712
185239
336995
440750
768599
107307
239593
479195
680288
510535
391852
290953
558919
788402
197033
120284
371851
343056
363396
294729
107736
95028
79887
962244
147801
337883
195321
2917
43280
366787
90801
291740
836229
229165
120313
299940
883306
80084
951539
1358
356556
808774
886870
50667
384832
671166
746314
888965
602080
972255
649748
361664
620787
339525
750033
267595
279683
895291
916512
20746
912776
799707
868240
180741
766939
759347
367005
471352
333641
699440
836078
318769
830800
905227
208424
838867
51238
773324
997909
823239
289800
18068
996809
988258
118453
840788
864897
394588
862498
317762
500659
926702
912624
212068
124254
320922
215079
695832
75705
270028
418634
821045
588289
475214
363851
135280
196930
904899
945126
741038
29433
391903
477961
489082
237973
477873
921715
60919
683314
954731
804124
7920
571
916178
816714
135351
473332
583213
540506
593727
56240
326621
623745
609583
177434
893210
855839
98046
318252
167511
529811
982352
397966
981716
973332
307976
116667
306401
282856
156626
949088
576603
931056
236309
473469
492920
832206
267788
62593
897587
925459
776516
993895
176079
742794
580402
774708
167962
190264
104604
438411
244073
595543
756746
795878
634619
119508
587436
102729
249244
448370
218929
421323
20012
169589
413951
903553
251215
430392
284935
326458
44306
730988
349440
474110
632735
971419
257742
436956
161423
912339
174555
970888
65388
324790
316287
213638
174886
361376
896721
143395
725867
708982
694801
585235
191602
367619
852087
602925
201119
550928
638472
233490
670205
108138
752624
928878
702869
780558
142418
143175
469473
247622
826369
994090
423395
440406
651097
144512
782652
446541
871696
414289
898686
138296
115449
325017
644139
941123
715292
495906
638522
873681
461512
92177
558619
552245
674447
345131
68267
437042
682902
576182
292488
296099
110541
365647
437622
500844
363132
673416
620460
645982
529864
866810
446999
762489
947864
659483
887108
483874
933148
895830
291101
99390
63130
988290
366293
362454
148199
575835
645798
310250
649067
58376
170033
313294
875281
952007
85953
999161
192307
648116
971759
966677
319160
166889
768865
372529
116591
303374
398945
841918
362053
208112
642720
237768
950634
567434
693822
167012
345105
975378
636238
856232
181377
155987
359594
845588
943934
597699
652694
425767
349997
699763
808174
762984
989475
971532
1689
208532
441792
332558
248538
850449
539405
53477
163532
69804
4476
626647
582124
500608
712016
613179
388427
465307
478432
383690
514217
485331
855196
199440
765848
695381
555623
51830
164129
70777
593105
197635
652223
980645
40611
394545
127363
216810
634288
909748
565466
839351
61263
282377
260753
934891
561429
385541
569724
144676
235758
689061
506435
188265
506487
8111
284417
17986
828059
167863
951033
58278
801315
13671
421611
990659
540555
715524
62905
405553
818107
699422
156274
444875
744131
667880
889847
122015
280694
321150
903842
375651
400417
458453
965945
27286
91839
837446
682639
605166
478140
964222
977790
2689
928584
892999
608033
923915
461099
87135
11522
352216
914477
859973
342353
935948
688649
376331
599188
182430
710783
636114
580052
507809
671842
918316
979491
679156
537365
617894
127518
132115
878267
339510
871949
560355
770224
185123
821472
775700
59547
185157
916616
765558
8253
320536
302375
954818
275621
275587
653114
654662
954805
607702
133927
799197
958859
54958
940412
553134
896438
409958
360209
772161
910544
353473
804034
988917
549403
529410
439161
354812
925170
507686
640136
466840
881130
114651
768014
81988
996414
97385
114766
213578
818236
716706
344225
686129
755202
840991
555141
77957
600767
43998
177873
84367
355788
561411
94113
734898
945478
793210
746272
87877
798068
930230
545189
943345
253863
458929
394303
526041
344423
837320
314399
579006
358645
36491
572516
168876
942624
910764
147107
208645
611803
517073
339729
305967
360228
260648
772475
914621
95054
788514
962743
440958
140411
267755
710046
719001
585190
915992
792112
644791
639837
421889
379364
33454
852036
997065
356195
726872
123894
815104
334408
207154
428943
984862
821650
373121
886778
351078
434575
638131
997990
303185
934994
527292
894356
858625
585001
412644
252593
684991
667770
657669
452747
483343
140607
63589
706528
355754
722531
65934
811607
575067
924287
891925
590133
694679
370992
597212
691987
716140
797617
834774
704527
974213
48549
586692
372202
963303
772004
127075
85362
640692
334405
885372
465218
963961
834603
581214
54292
42170
541471
475403
568742
718392
419437
770386
617482
278139
909370
14304
521220
431699
482705
119242
934510
261123
309721
358502
607327
588864
827831
749605
970393
823754
945710
572503
166127
276402
440124
759256
182508
701314
77016
529506
342078
385684
452121
180544
646169
50099
754373
777454
219865
69547
515203
173695
302123
417450
446246
784025
692689
694362
123418
38745
516168
128446
719385
683010
773270
55616
988779
74712
487821
805032
384384
44246
141080
136725
326198
624115
476678
3290
819042
153928
977836
413784
504270
373209
671911
424329
907077
976147
948606
108900
942263
707807
484877
430450
192502
3596
43079
322564
52292
117101
345707
423917
637022
187156
391078
585657
6899
767807
510643
31450
822367
72190
761401
268668
372474
860068
977283
200737
498217
397496
286884
540561
498143
928051
781697
284931
397486
170826
754940
844285
888154
915995
35900
303014
372613
318470
40730
793602
635683
810062
166353
217233
793444
711390
860565
825215
912131
767820
165089
602673
469361
799563
627154
102546
639771
782297
371046
993868
995001
416453
57298
876286
563211
325202
580232
436303
562056
632765
97521
207433
707217
20165
294085
967589
653298
241451
331738
147768
962424
86274
209158
173031
249551
716035
749133
355826
755100
229346
447247
389559
720158
192401
117236
11711
566426
214972
472159
688490
465203
915619
324753
601820
768236
740961
416286
282762
46312
55379
901247
23064
545570
484818
398030
302299
935858
716162
830017
120790
449737
10166
291772
24267
444389
399954
496193
356975
958764
922732
177906
935499
285830
692699
395401
197917
526579
911928
525443
445054
438044
5204
946250
210077
59292
227992
227894
214387
561295
640054
118390
704444
62114
687531
941843
542118
584470
755819
363951
492085
675198
893247
662190
156032
236594
701880
998104
908730
812897
211003
916373
734341
621838
349843
537122
491665
679779
314334
156069
447733
982721
304047
809161
260036
100847
555383
351917
13231
986350
718557
871820
71476
660037
885743
373692
249197
363866
380892
328963
86937
945991
510057
406758
389498
612824
58781
427791
678440
73350
186724
297812
197572
495466
192451
974070
131966
292887
976588
181300
376640
104963
776015
90077
343218
421113
968716
472986
823289
517522
285052
663208
232552
324789
180867
149284
562780
382623
655355
548438
66684
626868
687645
216091
648419
527464
835529
453783
870133
752641
95009
522073
498916
511992
89675
797645
229120
460748
208167
39410
49264
389437
650326
584970
362324
592479
716126
706574
66344
694714
886239
919874
317328
561167
870083
938079
904293
581934
753568
265027
899352
173636
516265
112379
347805
475751
225410
983813
277883
578503
671471
43313
400910
439337
948358
804682
756820
59172
693604
986123
1099
68732
921693
909622
38278
839233
234349
485285
385739
365027
643599
171491
774344
133698
863998
323637
199968
931394
530789
846562
153654
972004
788232
637139
989690
28032
785003
764574
819085
170116
866935
99621
415722
639926
964295
388131
470284
780633
242161
910963
225881
36928
882880
904107
633395
304391
703357
907719
71216
937390
666519
746851
260133
505191
811382
437906
973617
824484
658155
477586
772814
27403
67517
506502
518300
800496
193601
986790
882799
740024
439566
460263
193883
295283
329579
845105
808944
925350
189572
228925
644281
825946
876643
451283
992361
51952
788137
8140
968602
683301
758464
871130
572448
634754
655614
741290
10563
317105
874195
358370
620589
598154
289197
198549
320
542009
696633
147754
429239
812345
879871
455248
885343
85795
479808
699640
495710
646231
921829
560692
926986
311288
531321
601209
485091
533312
326556
645671
991563
25774
163018
891409
185652
253378
618253
1110
414735
276136
34626
298709
888930
981326
110302
439669
651798
393565
817168
529125
823469
38712
324372
567234
985862
664798
196912
426482
620345
819456
259167
645335
278445
705933
963248
509191
909393
296472
308945
6782
863740
484000
249640
57464
385654
348469
998679
148521
726683
871215
10394
407521
151044
478463
371698
617902
174511
728028
541985
489880
190224
392616
841283
48389
483964
186651
930011
822677
100828
438139
706606
695316
841903
319238
538434
12995
941094
169136
809048
73065
482031
343542
315486
773506
360315
668211
494398
169524
456749
362816
529550
232922
852631
515909
320647
492876
49575
432927
393870
339530
97694
482693
447863
634488
215555
955668
789967
306694
277273
1435
41773
226340
411842
897166
79976
854882
941464
550038
310694
113069
1823
548622
270594
426596
237401
887799
253796
9533
318659
512272
200267
694124
615258
144100
644997
57655
296381
34998
903004
636829
227175
60582
962468
399417
825418
749949
476214
514070
220593
802624
750849
848034
439816
68286
864798
978310
706203
92036
716570
391840
223358
839133
131762
119923
147085
217567
502517
558952
951251
37641
386092
315723
140456
553012
226540
856161
898206
58393
173430
745442
210811
928008
652329
807431
148390
412810
218202
48958
3353
214856
420774
349941
650285
648915
777543
606605
730435
614038
844450
161162
853275
81879
971775
819138
606799
754475
135651
50062
26151
267889
563898
80649
770530
586046
944874
236844
906368
642133
199175
748353
669284
940202
311091
200716
838450
822654
664102
697919
820699
325051
71256
184492
644432
737741
513130
886385
671447
276816
378674
135558
932947
72724
639726
230071
302560
917165
452260
905441
589154
133440
317864
926043
546661
980713
75076
217172
811976
32379
721492
520869
837928
564446
768038
145418
736211
149387
251330
531388
4726
161600
388791
237166
450183
8402
320131
250530
729071
49303
886202
664898
163238
283500
492540
534702
33523
324368
691238
565425
211571
781870
202875
182142
112083
195033
749474
486375
328722
55146
917418
555036
423466
812132
590520
969945
712956
572336
978012
362558
722650
603071
856343
200031
570705
420624
279259
931935
212896
845682
973335
381618
881860
493064
633723
209618
418447
821280
765478
850579
398151
464617
28562
561401
877249
523101
901201
282822
516940
337924
221214
549837
977236
516759
373126
588505
806944
277200
306027
150572
280106
484084
464925
745393
468128
686178
421873
164672
127730
974600
578321
480273
348439
10869
426732
929250
598740
954510
834453
656670
28475
638951
171208
222388
611901
351055
659362
784877
122037
394841
14402
400862
183123
64967
405668
373005
753591
780986
447484
58770
295566
337552
359977
387734
116842
13102
535645
994904
912136
666668
310959
578779
342727
909446
235657
93675
641488
626557
851827
378655
708198
718980
568065
536348
198103
680936
379711
690414
333278
692146
732534
526734
50298
669480
540863
681868
124262
981783
880178
756357
794886
889066
122155
340380
769934
626696
570833
307858
87659
870485
858356
980458
622703
596271
5596
956713
369038
834755
341456
128017
33477
381478
977161
917761
631060
119840
276181
980488
903904
780325
55594
647457
234060
820701
350021
51433
619426
278029
944310
223164
15546
876512
655181
561057
377186
239712
695409
138786
807932
322237
29486
274314
738144
811558
884241
1050
315731
908803
141049
791905
386326
607026
903022
239426
274394
42056
125655
194776
903343
850410
429714
929916
386844
37523
87597
920980
182019
592769
453590
934677
469805
359134
507653
909029
783324
881325
630054
927423
563711
611463
93732
382007
672128
4045
880851
467822
473912
387522
944735
414455
218874
754961
880413
25526
486602
134519
249861
461461
303477
921509
916235
607465
993389
35871
883462
827986
111922
174973
732483
243496
201827
571176
856458
285788
155300
392963
729233
686379
920047
771256
387774
495319
790436
452821
182094
869029
415076
205775
347748
509693
426531
741694
123119
271724
763105
521400
745528
525838
952348
974966
37305
880751
707491
722592
993728
823910
820543
614524
603104
209952
29463
943278
710521
155004
491912
10117
503630
838787
327800
528645
759971
740985
622103
599545
17779
361214
844173
752219
319976
791662
788133
856172
742520
177317
327472
162956
695319
978329
349520
602718
619677
77506
725418
592360
193429
878650
81146
900370
54391
294482
416825
620709
938346
581956
967237
835734
785129
148615
9788
156306
629819
766772
275220
662906
182284
437202
950139
405802
205261
276710
306301
686702
653718
531099
34953
621449
864575
630396
843863
469640
576143
656054
892648
32867
375276
294589
261399
230398
918533
884099
244328
759980
165039
614435
590095
407877
485479
860813
502098
415188
218498
10274
448490
848473
227360
220989
89847
79695
574603
893671
790126
880390
874576
738843
140430
915421
56063
292634
752249
32830
367408
129728
798082
44260
770158
412234
965863
854132
478463
536530
100772
914532
197986
443953
836414
380277
625055
129612
875825
275051
650783
101079
724557
53786
910364
486625
846389
601323
308296
720566
106785
183735
99196
233574
433363
118348
100957
993156
393935
51943
62663
317100
199163
329406
87610
676985
55394
510882
985412
11464
848765
287186
493593
423090
202749
462176
681204
987285
651136
672669
35614
694711
136030
742887
902041
602133
675480
381078
280165
517885
601873
435158
716278
138394
812690
300628
567089
680965
60072
620326
383316
550086
102006
239939
219118
301477
974807
883783
412428
758208
424911
17992
313033
833603
544885
32948
234849
455859
107222
602146
802168
613945
400655
485311
58763
475344
886261
849905
490196
373184
510291
749257
98026
301896
983955
249866
552543
781106
194132
263871
682488
312879
299389
174847
428475
681162
507998
508018
117398
894113
40016
522739
223433
139019
723527
683931
466833
122102
636290
422182
804370
222757
936496
467918
571011
546427
139667
169718
193480
870528
178282
940234
528520
571100
237656
878175
387849
38899
231749
91736
414470
228377
614116
189154
446281
182077
338329
556278
704941
750527
249801
989197
690790
988000
290951
199831
83841
413167
719521
280120
542627
457263
132799
149590
978016
157149
666964
258596
793637
429285
139549
859831
933452
855964
908402
578716
697737
181466
829751
319468
181340
186371
387217
513357
361326
604519
503756
128161
784111
151270
602787
360081
567718
196700
241414
236445
877756
426219
980007
639253
962060
158738
496198
648607
596036
609178
274347
899612
166411
151384
732954
694259
580940
288353
409356
964666
923252
909916
458287
160689
279960
384991
235696
154469
223919
949569
389745
897760
221336
50527
886084
462267
539346
399929
699374
635167
486634
362843
389256
217145
641323
816084
272624
801565
741924
669757
771151
317372
117143
18251
259907
320588
539764
462991
895240
179818
840078
963269
482196
510968
625147
675696
346588
754808
838663
489142
293530
924816
386949
221245
967473
299074
683971
568662
87927
769392
54348
740065
973256
348086
643771
150299
534424
533571
340429
614805
588724
539208
683821
303739
993994
875401
583832
145096
931583
98286
4029
25598
372704
679237
797724
668146
834104
726791
10846
179713
922113
418866
464747
17529
346119
71116
782368
521450
288657
801347
435998
314700
110792
328338
491346
825619
628382
911121
249123
21460
679837
803894
988970
458380
321551
893339
823760
460039
79293
783806
385255
749572
507385
427872
3880
282762
639578
291918
870377
391053
861379
140505
252015
801073
393929
71663
919784
179145
82587
139637
36691
149798
384282
442063
241207
408665
847772
115898
139290
772964
903202
822822
623079
72157
792092
376892
686269
429420
18554
864468
544273
571071
860860
930414
394662
594225
651079
322238
871449
477431
829660
126370
541573
740758
928169
167750
792257
6202
349386
387409
655416
733730
704459
724833
895283
400679
767227
164583
667863
619020
235001
612813
726979
190725
986814
41966
960769
939038
33194
165841
125108
950827
254220
43922
173988
318136
313121
868983
115082
216364
628704
245754
841177
622259
409890
966653
161248
515646
602597
174808
80088
726954
353973
804989
263753
367175
936764
720778
194104
233338
203751
349840
386879
479705
37388
526327
528654
948606
618504
967041
560311
224485
170353
950920
949417
241091
163152
85206
3801
698484
190176
457156
235073
689207
841256
673980
703352
510683
750841
480642
779439
115987
43228
68541
144838
962412
72971
279965
532315
26750
551383
875456
433146
858130
690786
809094
113202
976959
90739
489171
120459
629202
424735
624596
239537
604316
394892
405128
72327
395743
8715
881688
559325
953919
721107
660318
46947
197506
104165
16443
615170
19021
831236
502151
140387
72404
28224
844438
663040
703653
129554
452478
948376
238618
922957
989096
855278
528880
529092
454619
633256
118734
599538
354479
353058
873173
94899
475509
429609
892732
705028
753684
991180
891371
170521
745260
785832
735143
969887
891856
516735
786521
452433
155103
208266
236898
449957
229914
166815
151479
186393
515850
461414
169612
42699
392693
886980
141611
338621
155504
140209
387818
507590
263013
904232
918462
778066
600231
456916
596854
588167
317363
745523
924203
443235
32038
670314
584826
961845
731898
648667
649363
19121
854139
73817
457707
52349
492957
531436
325103
164464
801214
864074
5807
827333
30467
574359
692996
388714
501016
988955
950387
948589
690632
242054
17044
958915
402845
289638
461968
198099
204983
129081
657121
350340
697237
781058
839522
997889
115228
613850
430703
954774
665182
17215
234251
643440
750138
425260
821776
875729
342269
127971
991942
3007
336331
426602
725983
477115
90727
138067
730635
798935
833496
383072
131157
49112
390738
597015
466128
398499
520267
605832
104858
132181
479166
504093
606806
919152
922684
531990
582928
192180
670150
962482
436239
157119
