632936
704006
438176
729647
608073
36183
620638
636693
659352
197942
189549
87881
928778
348911
633124
162090
830259
532514
694215
165029
289282
375280
947099
428921
891388
930695
99515
661008
934357
172097
542599
450677
84671
422343
982672
257361
266742
303499
596682
859646
232298
792020
408628
141859
747628
251429
707600
315826
710276
332738
964043
215879
47664
665413
957424
660369
673225
574001
243529
483612
604199
848278
382553
537018
162556
674795
894594
497046
780182
721898
494234
593414
64280
999663
32899
48569
80028
853895
224192
450193
810454
902315
184663
844313
949739
584348
877712
485659
160048
161655
958858
822379
633396
353696
332797
589019
479227
316671
91905
898847
674623
970797
628288
967846
550534
667749
920663
219528
569128
438561
5185
767299
837836
697188
844362
388437
470717
701814
252400
852783
651763
98795
294073
205177
721630
872222
434556
967626
341827
262657
43827
56557
376129
177649
170459
620895
557796
213719
38605
99254
428883
138685
802409
182490
182811
134825
995115
795188
709924
698608
228431
366731
849562
940239
296255
729665
363692
845475
791267
383552
783785
728116
190742
787840
397290
384003
807529
565965
26435
567084
478579
643421
523460
762004
122250
144369
543463
931668
222733
985348
938361
237
908512
850846
119181
718069
614005
932113
88844
624478
692457
324542
159274
615869
124365
375389
99444
126113
14634
547743
394542
767825
549051
25690
490798
897223
594642
929107
517418
111367
423461
448542
139886
927952
597156
681918
727955
849568
292034
433877
780123
50387
519499
150371
8108
122812
107772
176247
983427
840309
141386
230989
780013
90293
470146
636725
404415
492918
37815
204170
75521
145174
331345
619197
627349
889909
781429
858768
595416
955626
513179
660366
413420
67958
15338
871015
60711
914293
301653
168633
455655
440352
998712
602181
991797
531154
544355
634122
738712
274084
493425
755778
251826
601769
434345
665090
448995
176834
722523
744009
586238
642650
793973
448483
278072
218205
460190
349651
576576
231542
215161
387977
818202
956491
967892
946079
610114
793863
421483
239328
55180
735118
890761
513185
73853
520346
237915
651884
674212
413764
841875
556745
450418
206017
377575
715960
172930
386212
330838
239461
318389
380770
533286
988918
176324
959163
451498
954908
627147
886064
998217
857637
494262
690785
375920
663589
925700
348959
985425
314504
557652
303229
123747
863524
427377
819149
853574
181763
39190
265873
240868
171355
569428
949372
804649
727085
854589
819971
543359
563137
431747
810752
844667
801190
500422
612825
246039
38691
697019
528241
910419
911526
178772
869083
613445
801769
117836
68261
480983
864200
721431
2348
300505
263071
272045
976589
357075
153150
226718
779540
356104
249020
742132
183539
878654
243385
793249
403482
888915
265845
88769
761307
653797
582073
530581
598349
376242
128719
236227
816134
979276
926032
880445
959809
343439
549579
379483
984605
685812
472152
84467
163931
349749
430179
63392
934974
699249
107078
221730
390806
113788
550133
885164
546816
608320
786688
352771
475171
854995
15119
745855
37574
396336
674412
912921
83900
582193
674155
584927
575884
506584
81199
479037
433945
258421
922851
320666
369365
893962
554173
223290
632722
888977
593577
488776
922657
477017
70027
608345
891745
411167
494662
268516
932965
154576
238979
823150
790887
691776
378453
630372
995920
65150
419434
28675
543038
287651
378578
261721
472931
221715
607324
567504
439664
7472
641311
480841
471775
849387
532525
999543
205686
509979
238707
388669
626181
311604
450908
595040
416242
841125
297019
493933
115383
40759
546743
124364
509528
946802
198629
43799
526114
611109
865764
785520
586758
440577
575831
40652
356544
692200
26188
458784
972467
213952
870247
578737
708184
52125
358654
643121
73115
600455
949497
82786
645943
773369
477282
823334
794243
448050
451787
38694
561345
286048
216106
44198
504823
949352
126113
316469
420592
400347
592119
447380
980724
611519
967638
430110
696790
715140
139819
235761
290274
591237
117029
872528
201509
526757
27135
133812
561681
119162
810098
618855
711569
600171
957299
663677
510779
882972
961357
348900
785606
753847
909676
443645
574499
175885
908916
731640
590895
220781
896741
747129
909141
787525
226718
647442
351368
986527
421503
128123
297404
428603
831911
821201
912449
740306
16278
880877
621466
424643
437398
277188
752554
138151
920300
13241
724506
458226
799753
331294
668460
290845
548759
375410
105522
141353
220989
952767
463633
963128
10980
990520
927389
446936
542541
311194
774826
335785
209298
375528
451569
178969
420599
468061
206572
900154
910500
336359
295776
405598
765518
858944
755459
595315
483061
395318
702603
686382
15280
803157
222612
546196
663523
623305
786755
679969
415261
202781
43634
349973
76698
820396
511201
341347
585219
309739
704456
330180
357694
827340
361467
204624
941028
64833
143950
440821
444715
614820
571008
92574
265535
222668
371667
970018
399837
867974
922520
106665
368035
346930
388437
382128
292654
816817
365272
668507
531826
508390
309282
439833
98950
445876
331496
586219
899727
761639
573569
838709
438076
233840
847703
785357
463588
400643
449211
50224
408207
389822
636095
363855
122860
566051
277598
433919
867296
521439
446183
269371
800106
172521
432883
177284
778819
731955
151395
502142
105284
207116
811047
427660
55827
138166
47228
235692
386749
257474
881353
972927
210165
442734
206573
930242
432099
599360
969714
232923
967935
582316
702062
305019
608184
888216
182756
634335
567973
221850
982347
866032
440895
493964
366064
946212
720830
363840
692014
88341
260073
58385
60729
148021
962938
96309
216771
127563
661109
103267
410550
173036
617061
143947
547290
595738
807115
617661
164138
71127
730818
436941
966405
458360
609203
11824
218546
634057
430369
294536
171543
169773
716555
873204
977468
512133
853982
765374
573162
259074
792658
631642
287910
132848
493805
133531
553146
921794
876846
744943
758717
466288
344479
468864
560401
503560
48767
336272
548620
125833
356445
402968
344269
729438
893265
738420
210009
206652
250507
34178
649221
842335
464924
562435
472394
295966
410791
958128
496426
610924
756125
302268
92316
258570
571985
530864
865177
470613
800461
123900
193542
257376
960768
269384
429975
42710
308602
123119
422904
557524
648328
14357
54454
684698
60663
538591
140178
429497
471691
949874
477992
831746
660214
779828
290930
797694
85284
830596
927903
377726
196459
961340
288234
850969
707558
809581
443700
498675
821482
813272
360689
520987
321424
537907
747455
133144
256731
223274
8309
294397
526860
31556
307847
636159
161303
11963
25882
75578
372981
714309
561814
243034
820025
72930
206619
203700
475174
347187
607989
201571
690179
945280
989080
343357
709324
732057
388036
355095
215039
63655
406142
816909
669975
562245
65156
729876
360773
259255
716355
329695
646652
83375
195430
871000
427703
909462
687038
653535
365479
521315
395815
841263
60419
487960
788106
927981
739617
663685
858914
755685
145329
333554
816204
491889
533354
409665
256783
229323
714380
499044
347822
106869
203387
883337
316352
585095
248799
102726
603919
842433
369476
846809
245447
322099
811729
309687
296161
923418
967523
371129
687176
960328
513158
949217
50192
163504
622783
189839
27849
771753
206503
355978
482186
980406
955563
779686
146911
419978
619176
528513
935403
714329
764556
828063
725632
396441
884796
981866
848415
322392
451201
81824
794917
409506
40566
728287
635226
608013
105108
582346
231495
240804
360965
300793
680155
28074
197546
405581
920219
876455
398367
835150
183763
281450
343475
286080
539913
178826
160748
449229
886824
127854
514202
872722
333714
141550
901068
697034
664359
347512
1307
137701
339006
694203
123297
780580
657588
520097
325693
542911
571624
78676
622286
396319
696219
632613
617784
914283
528888
956025
667698
170594
588867
493477
161419
285497
930594
718578
692527
357730
388930
221599
273062
444401
205904
955540
742350
682705
493478
689905
436326
189449
639262
379920
319813
124001
489252
647380
3884
260022
977335
361188
221876
348314
369453
40196
36887
509239
752695
10734
865172
476641
743304
202946
585215
267833
656963
610555
187588
478976
282591
411899
603652
803891
61114
146596
281375
816695
267510
361217
578552
885455
801347
833222
409914
297635
82417
577590
982200
9644
652038
619003
113002
819111
625693
461814
496396
200804
482858
990077
698471
30004
182859
276887
594625
374629
651635
4212
180881
795577
196757
145387
925812
235664
20969
826910
628228
789119
675696
866425
99415
556750
498985
860250
108149
106265
899561
23545
889369
497020
577013
998139
392648
829848
264470
668170
553475
90598
561065
608104
234611
631122
888359
527085
875184
919862
128390
81022
417590
340276
595927
709725
305427
4904
747219
359008
662264
11705
241089
728613
39070
84907
993750
636175
10156
335566
595659
212608
205377
430435
767993
19229
271515
5808
279683
499226
265430
339565
499870
736797
320314
266845
974709
485463
700556
772142
581233
217381
718270
522734
601851
595473
365249
603392
63383
423480
659304
927806
929063
79963
126572
381837
366282
159208
812262
89962
506381
710131
874564
462517
983198
607348
89481
59447
190938
830321
11313
795155
605607
408003
138774
736381
944446
10958
923753
946748
331766
423688
710941
666307
718786
605252
876038
857486
406088
573665
104668
9164
895757
486706
958952
948224
450026
534918
190061
535087
198961
492702
349898
617623
420511
358220
812850
5419
232063
952571
422288
177202
450271
831999
740425
760280
918577
406466
781831
240200
449660
89963
193095
830260
969477
191907
953422
556031
568637
948789
394041
959211
763414
358672
470792
467863
81324
581681
941189
395737
786998
567591
995493
790764
843950
292194
402047
943463
614861
709837
647189
26013
884744
755599
819636
178167
772962
780800
592964
944049
872238
306060
77573
990524
245431
955129
339172
658498
749202
831495
875613
938280
826623
243859
990964
413918
772986
938662
231053
677141
274253
742991
717198
829377
496809
445248
607758
179595
590239
911825
396734
529188
366904
913883
175860
640127
772071
823722
169228
803542
959272
486556
202295
448439
132491
564237
273896
384881
799682
921865
174810
658710
843910
703283
389675
645759
921633
47265
154617
563653
922961
829340
417903
595626
425881
757609
700876
207439
191560
193063
15889
669738
580479
391984
909910
916717
422102
201427
832909
694318
675718
584545
340931
359215
461797
867521
135798
914190
182867
435235
104468
93184
221061
430023
419833
603297
499618
363701
595621
622650
534234
443855
970321
432004
110407
386297
961232
886447
608744
676187
913767
265497
750104
768739
759810
578115
729184
981533
338006
901577
517328
218218
825955
86475
587641
954580
876663
310548
272231
959039
574281
952503
985291
303606
187185
365329
819283
983509
256286
226816
64151
807921
80151
709765
653067
604822
318602
433474
694438
697291
937604
36061
898110
209334
622890
695770
966868
451856
482716
828686
635918
995047
890129
396990
969391
781815
136588
687540
997591
916498
598493
235875
687146
47863
1512
628897
35658
189772
947678
619199
126398
626942
570373
757094
559879
558102
174491
689916
11944
611397
593106
790984
276383
730271
65594
113720
661966
511903
20306
116778
219141
238490
915279
197085
344553
455309
809944
749420
514966
412917
879028
460800
238945
274190
659350
689651
488708
498908
896146
329580
383690
75810
707169
508897
108290
683961
615193
181386
851714
955437
259512
411871
348637
553408
137651
231529
929533
373803
783656
833475
892063
704730
815260
392722
898043
269886
605031
713959
281692
126496
525092
239131
171303
696634
342242
216781
564177
859888
307040
774054
516971
361959
89468
599862
167615
764838
905271
995131
683716
506037
123537
196518
969467
878903
934179
364264
767361
369696
294441
878462
723599
227428
788293
738708
316670
809943
110276
619164
569409
933658
109022
17391
235951
192467
427157
595131
343375
614981
686324
953617
518383
76922
757982
571027
28088
791715
833103
809372
701196
144985
884534
360435
714335
981692
789730
819654
740307
400009
929593
918312
572516
264848
704604
323845
202448
478094
785664
668229
169058
674570
544137
20177
19248
203907
101509
702963
505772
777235
496459
57506
870468
223246
464308
658941
864547
82875
520071
923412
90690
66386
468190
746869
828783
317546
128469
350157
151063
764071
775019
745860
496248
252573
513774
398718
58036
939583
521932
870209
962262
716958
150186
630783
130405
554437
66406
1149
484242
835120
840295
378082
373696
950141
414314
619215
301586
285138
722510
176466
163297
549270
135707
675273
894231
540134
838154
372111
72163
506846
849466
938281
399772
163012
450359
187306
103364
738456
945311
6340
166458
433327
98239
120179
946437
311441
805356
93035
612564
197229
977004
768163
572475
826822
992932
466470
634827
951369
350806
503939
324664
572542
617081
275344
576018
767590
451275
625559
521789
524968
987677
973676
413926
568978
824672
963730
40808
77081
468399
810395
907186
556084
242749
407530
954972
564473
507107
906696
645253
363253
727766
710483
441068
954531
811675
254117
261160
772498
544165
514147
548046
150214
315203
99506
313222
829380
715915
587179
25735
192183
249659
394792
841722
148875
995961
517481
410605
612659
987748
52754
687398
908087
548936
46099
737386
39973
474439
242718
117798
422641
776919
321176
541580
160119
218689
822560
691065
318805
618617
334838
835788
732203
617177
661618
921834
777429
786873
638878
486832
174180
152481
700272
841114
806373
653007
681806
823906
503937
88484
142558
716590
438190
298021
938805
515766
39724
940926
743483
843360
298222
121704
344918
614512
389928
718731
22500
864745
699770
422338
29730
363457
371257
209428
470230
505499
215023
398671
163567
560089
844282
460543
524740
354202
446882
392647
321105
83591
656570
98254
810048
936736
787272
331412
185530
460840
129896
868543
586891
46107
912413
426428
438647
839006
6708
669602
120437
966214
467428
870682
914881
699373
528976
278419
15412
579553
437104
858805
685875
747444
345781
846039
368374
300442
803204
48871
964827
726383
915247
111309
191410
786725
777284
775839
349824
188957
855012
511743
973367
960757
438123
805621
200732
440778
380953
213028
177504
190284
359480
133999
899819
999961
402020
959662
926563
356844
497797
278487
132799
187980
637351
416619
809213
785110
405263
224631
484705
438972
68889
281052
651840
287368
762623
515483
96701
783765
942312
842741
635410
450152
129925
735137
760491
585587
565000
630661
535527
542506
664203
183073
534718
255814
12853
685573
139468
827973
284415
122620
729568
921189
722524
829980
901460
218135
702374
473682
470282
591815
455001
724194
504097
941702
744959
509412
697680
802889
557344
239771
17493
934803
785799
648887
125240
33490
495337
402499
843287
430621
613544
785012
641147
985192
715205
638807
900750
308389
343548
757854
535920
539323
19110
299186
866448
904852
93896
538505
94336
476064
77339
980925
12780
363379
359845
325431
506109
601576
634797
310761
532653
84383
385377
57597
630104
561649
654276
981692
629629
493248
482421
75740
935812
163758
475848
411236
462565
274496
643877
209605
894703
731393
989772
777490
498333
785685
738133
315510
97851
15700
286908
98706
570835
766949
520692
342405
402682
605976
88057
42392
477655
476290
716153
709279
672039
831691
538526
178669
144821
802180
587386
676512
446313
501284
879258
97687
704984
830722
43314
284500
224487
298629
676150
383945
984281
667194
938723
578956
424434
448271
777928
224448
208188
542792
172621
857133
500287
536815
976402
506702
39407
81149
584393
335793
74458
232066
888347
184969
787281
286142
924812
951493
932111
70826
281331
787971
714450
262553
466392
394713
28161
693612
988504
651215
816191
260974
396525
298397
501660
666088
591122
441299
286602
487982
567809
158444
64009
881743
747965
440453
804926
429139
226701
375712
269902
894846
979052
649320
543391
993650
551061
120729
680396
14483
86337
754171
518892
93763
329593
400689
40295
332349
302678
539827
293184
489762
397282
464912
889500
88638
428577
276760
343372
105024
946027
616376
813638
47014
700872
475336
687925
322746
396749
480367
621635
489998
460392
999718
507734
639491
888794
330248
604847
537557
365151
203460
856081
165109
510927
969596
150226
118431
862285
692305
252182
471307
66158
480988
6134
550107
615103
738916
993399
551264
84521
81625
40052
891559
337502
976699
425739
748756
25753
982939
718208
206369
206760
729580
814088
791089
527117
564657
290724
215461
462088
431414
95030
3976
188497
48264
543857
737116
511986
420994
851627
672322
754899
692500
497286
949975
260602
127020
859339
261825
182409
594048
974564
293297
288764
553705
88114
361575
319919
805395
549691
214736
934825
490137
150508
109449
236593
111502
858199
792273
483575
26973
300447
686597
542551
212930
576820
845005
313936
81707
388149
399046
848473
884554
226208
621594
166611
609164
370583
119079
564070
695046
44633
163975
275292
972095
942514
347862
20462
125091
499969
149287
661687
368035
107419
164258
559899
207588
664789
474133
559646
209372
70449
866650
883829
458881
57861
24491
217430
149876
121731
243837
309586
81638
258220
404866
436806
405734
401525
372214
943370
460906
59570
77724
611433
803007
553871
377077
981467
697076
153653
739419
342258
324816
845781
70331
97518
939200
128840
775372
222480
848758
495811
856659
411926
300845
276047
376208
664101
689068
759237
253097
556973
483092
102835
439702
673552
297321
824320
727734
743064
727387
453579
43493
495858
88574
535588
302247
188311
748366
455531
894288
222577
96269
324485
510835
967670
753762
604825
20405
743627
747473
313957
515853
318269
303565
107207
938667
66488
179567
455465
759393
102365
730768
888696
698814
715255
514021
114384
87363
965216
292993
345027
503413
995680
213663
229544
38729
870010
795792
260709
43564
130701
547010
533690
19309
187126
627318
314680
804195
903902
486234
584002
864788
670442
381885
642130
87406
959355
621764
673036
696778
638244
457377
351704
703487
425410
819446
882648
194660
593047
514929
310525
959303
634424
661763
5152
461696
700104
580629
53135
713497
548641
718140
652740
853145
334768
540022
716957
175217
480851
521748
855420
180042
325558
159638
651053
135050
400492
626645
325586
650175
542579
481412
355179
256282
857153
445460
662596
981928
947591
90907
597081
65610
565252
796369
769446
546299
40943
709525
677111
811146
506152
543230
939885
625575
704029
425731
163885
520321
238941
288745
476606
181413
437148
913473
215967
38587
527634
627061
798992
953492
629483
893788
178757
340853
794949
840196
780230
392623
863443
570976
117589
885126
576114
684289
147112
873557
49976
493754
231708
442558
3090
387448
650136
613563
463170
385517
814150
955490
227176
216438
841416
769371
725022
929648
810531
392250
847351
430787
717115
238196
334353
3213
964812
510321
381820
636827
890655
572038
57520
48986
708959
465425
840885
319934
730135
352328
785705
955916
486359
147924
92750
746828
763466
934462
665599
875849
586475
346647
15693
697803
695453
655557
848668
743306
402082
215490
352873
355423
907819
671868
171585
841639
222295
221334
13162
415353
712739
422782
176603
236069
131595
819716
978171
584683
894663
680877
602197
29170
806129
67830
832056
123759
835605
972417
533944
351306
699327
533843
999719
495268
622073
183021
809136
557194
688216
106746
857095
541486
552840
459655
106200
126174
440758
567069
948984
733502
437511
778114
605194
177941
970685
280849
990772
791964
30293
637281
92075
233053
801654
729669
979941
490326
572008
647551
28526
110165
271495
846911
547873
626099
428011
970710
991894
865047
466791
370694
889601
389034
739996
761625
996116
328452
647551
182539
757842
773305
439859
188161
955662
618929
186800
830336
825307
528136
569941
877895
116463
911475
14330
362374
339795
435240
608171
824238
472420
650855
41708
337705
973108
909889
460337
640712
43534
555902
381443
949588
275343
470671
935736
557001
591292
890631
911398
903975
86569
300794
445298
751731
638284
770716
969503
664964
981145
298989
295623
766530
11736
92213
954853
311278
581700
162932
641630
65088
215803
472328
494646
735305
158953
999385
195612
141283
28345
651523
506466
556391
937200
135127
815154
970085
156709
93961
488978
77574
812611
524343
292166
679052
335537
902702
478384
624001
396942
296922
840579
17718
237961
398102
160544
224353
976690
354360
639387
780674
67892
56341
260505
332146
205311
236819
965649
716720
284779
937244
852008
446849
938292
614399
104173
804017
967106
57701
537824
649840
350190
987546
964682
620780
404346
915076
41930
11977
603914
479449
762798
313603
403010
387677
930359
763290
913075
71936
679152
603966
763187
324190
40922
229594
92136
528688
162391
702486
46062
56962
778743
986351
805637
134702
717503
420633
188520
340672
874366
654542
967339
424679
757141
516752
781614
193203
777509
923924
53319
362535
937817
523167
671008
322461
952239
112380
407930
68327
430736
996760
300477
149527
239839
520709
865349
413039
896684
507165
379957
523062
754996
860328
427397
286231
371517
803590
118415
328669
777703
923546
791419
175689
834437
630910
534973
489240
1795
221618
623741
979960
316571
118815
645683
290355
421236
540437
774105
86098
695184
713275
13759
79014
486944
168874
219419
940273
464020
623788
548127
498933
914164
169706
103421
323448
711439
443100
772729
982754
932865
144412
459513
862719
42528
653038
211503
74220
485695
151476
508962
293820
304903
415856
798040
123756
178716
747918
477961
879229
850382
609783
912275
214567
905564
839591
399890
236518
291358
67085
13406
292067
675331
929576
380206
261618
564359
365450
856868
303311
394202
403589
566204
566198
404897
558569
663102
601272
311418
57641
434145
814959
205405
252191
325612
506578
945524
907274
733728
419472
853731
990348
7699
349731
57643
891698
556841
503015
827971
560864
50395
332068
266460
43771
941998
866595
455290
633542
235340
582850
247114
159126
586014
247273
76305
606366
442861
609107
477771
361207
401649
913881
756544
85508
817755
697521
206916
2643
475656
387765
593121
75687
855952
55718
514072
831731
884987
997469
923952
558068
999200
102988
757587
778429
837360
276993
40090
177209
123259
383226
824590
581185
918877
343610
831817
809777
826700
307442
315378
283901
277505
482439
306642
861559
96062
26743
587860
741934
681949
881191
488976
569831
686363
740060
628484
262543
414631
248205
83474
19266
350493
289209
704590
854171
23812
593792
587688
803023
557844
352083
447227
838904
773715
639298
607079
725432
315583
297880
132194
782758
596651
232921
856616
584011
699967
530153
926333
268071
324788
744140
163056
243896
72700
999226
575967
411438
667456
897374
38148
481618
352454
105117
780336
302122
990147
836129
933776
847745
216615
504693
856204
533564
441664
217484
613948
338796
383407
262401
646471
739059
536819
829996
761580
222010
262692
354858
314896
925126
722273
908171
329468
818765
272610
167938
440727
178120
866347
718136
540728
541693
925130
805807
343094
19483
184488
217975
133096
704523
216214
397135
561349
59970
750497
39052
133409
897209
680992
703340
603230
637234
488703
510226
666658
784247
806997
401708
863565
590856
215656
643499
534091
978559
362939
614366
289549
328233
308508
938125
412543
534625
939506
822185
245158
416073
449871
492743
82863
366540
670973
58739
795867
263047
380311
647299
730703
637946
94727
226052
692681
622068
115246
844756
459420
811566
942965
575423
65358
927412
173947
206356
583489
303084
875406
491219
259380
703776
795690
637027
735765
956715
115108
100375
32827
571720
32435
355947
940032
516610
478179
126381
518517
168862
735999
706068
159905
782223
316166
937165
805308
38846
609734
216469
385014
927992
424176
633728
635536
847527
661050
350949
556071
345109
715317
163185
386250
145613
536220
148017
681257
709612
341954
317835
107621
64742
899798
725052
973726
496034
485094
342680
450706
392116
930340
865948
593968
122543
708095
647642
827386
354600
755424
131448
849570
722930
341320
189462
976727
756353
620686
667554
234905
659538
431990
124596
745652
296645
401109
466631
385414
566155
419327
970794
161976
772314
406350
426571
100511
31565
731113
1609
588824
372761
106316
61383
745537
596061
180041
98428
695211
417146
389945
496200
330934
47572
76889
973373
569246
455773
413738
946259
194157
505260
698546
360721
281570
80176
828499
843532
945235
621491
199223
158886
572611
442237
184327
280117
655009
484325
537099
965525
173691
795290
463549
859144
998820
325580
593029
825486
614997
635723
146524
710064
507417
131735
389383
728293
407301
251361
106625
105207
359812
485872
375644
739943
130729
979319
879401
978370
531057
828780
904890
925551
635155
970828
376108
809409
65634
753447
653674
283381
785130
407227
496874
992778
261511
629905
362167
558750
51087
132926
482147
202276
823602
110533
899672
386771
106585
509400
318316
102020
590621
737001
374562
741098
64562
662506
624405
969629
750327
909772
770817
328637
471497
376219
273589
956604
934014
601980
518563
754143
894437
543196
50672
146350
313174
609911
110615
647776
642213
873478
293484
3797
102452
494993
113341
371467
381072
488704
155256
854803
806072
820784
750815
376836
509216
871772
345611
241520
788416
124264
613502
145589
257047
482860
829648
642485
803413
764067
954595
732839
270901
914039
823621
117113
630319
277827
294250
562404
8488
55819
217567
456540
910080
32453
528374
839212
298647
784329
700986
717290
272634
576
856723
366001
134353
516699
282440
171743
195138
547765
557115
232436
296712
820439
909162
187549
75261
927098
712751
219993
448404
76369
409591
634462
21847
804259
133918
926893
359951
250678
299051
936432
349791
832112
741697
85573
28278
998027
85214
821476
823885
521214
903694
185188
490702
985793
509318
482848
210125
194187
240139
79444
355794
635403
262611
721052
271714
27457
142960
510173
753170
455653
648224
785004
354296
258696
776211
625939
400206
998825
389077
794289
374486
26557
575494
838682
878829
844292
31149
940006
737292
658250
179111
228197
41507
595198
163469
335137
448680
396860
394681
635751
468857
665433
963990
878801
131439
997939
808359
382707
593324
955594
797640
387675
625492
623409
770324
277217
252098
986974
874601
496569
953892
99826
170253
741651
982468
730208
601895
593488
881647
936664
397104
188246
605291
889654
482596
822886
900851
828929
86447
714212
921937
278771
99256
936363
316071
372939
552793
382133
266972
679698
884115
786071
483574
260277
906562
337690
668265
675971
156862
269924
617065
536073
513562
612145
487402
511339
82902
258607
2633
339912
976706
802883
533172
671718
955035
159635
546909
163003
564383
654865
544824
531643
865212
428773
968311
246697
172032
270959
643542
739854
152542
139602
358282
120492
512118
558203
560353
167200
659027
108615
462144
488833
765895
351091
939928
375641
741072
981877
543270
147871
826949
198596
453323
699949
342975
619910
276636
683424
93756
320964
348999
347332
382135
109990
975268
655422
477386
200398
577495
241564
327545
732041
951988
174995
879086
936581
721504
505415
30438
312070
482458
755841
493055
202226
547592
534084
108410
837958
814008
241551
902776
720466
866635
580717
661144
85832
818526
936691
96406
643286
586976
464048
192412
705857
938489
440360
789141
493994
251241
143250
415498
662217
510966
275617
172454
245819
973493
357278
926535
544651
635758
580049
541502
275908
982201
393801
988549
107291
379142
232734
870621
382618
368515
110715
43264
549963
511267
526288
18607
483469
670257
447497
975258
213699
374715
159334
983472
397726
464857
100176
86501
177391
432018
990032
103755
628857
834487
444162
294420
504148
539710
557342
738247
121310
787909
182320
212727
557066
5734
542607
366706
153236
92026
725776
338957
295303
220570
208614
315596
389698
111778
696708
611324
554996
233120
709574
23019
527734
235714
937097
352910
503168
941767
749952
197272
863882
509380
403188
322628
263801
55508
414639
356807
581800
808295
464107
262673
967007
406877
240795
447165
579806
206217
640428
975018
85774
938848
954656
680829
610009
149384
685020
663127
199944
697969
626089
707710
262861
208835
317006
384728
537658
33513
358922
925189
784643
893686
861750
940003
336918
394255
620326
542473
105801
467431
531387
347974
287848
364602
518280
82298
353211
457503
898094
12350
367016
292793
64753
993792
230657
716271
434977
257606
991656
31845
506747
598513
674867
558302
882552
236695
732928
707418
295265
4333
930676
967410
102703
8843
303849
402921
713828
103521
890238
222914
718371
632051
40989
419624
820965
365800
492692
609531
105300
425810
451814
68828
5949
337056
412180
970131
295592
759494
138286
547717
962651
156081
495032
276799
181395
825576
251137
649828
927342
918772
33255
845119
156825
592903
571016
51097
437623
308493
804319
343146
98081
237549
914615
921026
864728
270313
36012
67512
593221
765754
149499
501979
719925
121995
332094
385705
779777
550420
501279
756988
137695
919546
140543
127500
786796
218051
253336
42259
751295
938647
766642
719542
206064
21524
905929
300161
944043
560658
78570
347069
846701
109970
509967
783841
672598
57696
965271
461512
978068
560132
766114
849901
29402
895407
90454
100065
162735
67198
297275
641927
74342
469144
870930
700096
449596
167837
811784
278372
891343
954379
780613
73736
497656
732445
313021
758889
399769
583306
396118
991903
443007
474659
769799
648374
863836
982856
169600
273610
395896
582894
740719
3367
189245
317364
992646
904708
937077
749291
919054
595482
272996
187938
848729
470808
844437
14210
538426
582102
515018
433597
632266
63110
16984
854331
992104
925399
596758
470929
593078
37475
872732
259497
790049
615549
825269
565516
395790
313210
163502
875573
892348
128975
50648
252180
386302
215471
707260
835236
868424
648373
167156
144108
654588
265832
876788
398523
719279
483905
407205
479583
706770
637961
12989
340555
968845
967522
472673
552073
596302
835386
689760
131864
247760
628533
312961
489561
166749
639364
717738
59439
910245
572260
643413
627122
784269
854546
342359
642215
987308
450748
111768
764863
686820
681628
624585
881018
900553
94248
208979
478507
394197
411336
750677
646833
346591
974193
113232
992299
758299
865651
843434
22521
998207
829147
285121
509161
608547
161269
366202
169470
138827
505390
679590
738426
863059
474727
827744
381015
786040
523366
568258
470647
589464
56978
276971
181935
987323
967242
628461
768969
793578
837961
503381
632783
527242
418047
568314
716474
624375
1887
259975
815201
408243
367986
496351
977599
545348
288445
911215
689797
814622
621101
589663
861007
585300
741678
984784
599856
600793
509448
748314
762107
771235
795617
137102
128265
427100
187660
192171
824670
93937
936429
100244
239888
128490
931587
50977
31309
886556
44976
254378
956172
526999
617022
350081
882231
429705
246624
751313
668603
453096
816767
375732
615670
344463
891046
946595
255775
671536
955011
887672
912830
47899
362540
906456
167515
874549
978909
672768
269413
739224
164210
97677
449500
454214
639180
264238
559149
754899
736837
275866
782051
945886
666749
48782
559394
882244
479790
836437
349662
172680
197379
600956
542505
332695
197352
163434
132787
189316
382402
734016
31051
729708
615414
292198
278550
681800
718252
314595
222773
370366
406056
423724
891750
63578
901540
227051
525922
197138
772900
538534
113251
758623
372223
692861
145802
756867
252792
590610
609306
77819
447834
90164
741271
973719
350953
222182
372965
545325
636053
483250
402539
721926
856946
139359
211796
265340
629880
34155
671232
530663
426922
989587
591191
523060
297190
121621
757821
401086
310974
414226
298725
796874
460358
279991
545276
306511
237031
534169
217666
970283
261057
423985
314468
983689
643678
609726
505490
522367
803820
881428
190414
673775
928584
467199
889098
165962
219052
192821
604418
341014
452714
408135
708289
212819
332323
940056
483807
197753
281960
752474
756953
47592
604250
153349
895238
140927
565719
50411
237635
936930
641551
364119
356555
823791
868572
41791
932335
410444
592016
148179
476312
295543
91634
426769
840829
80665
846368
713182
402224
326223
226478
378879
861644
390063
267645
514189
630505
971677
228348
705013
470704
996721
485759
597400
660222
594412
941553
174164
975791
839552
189072
622839
479427
208974
790129
276892
798694
241282
234092
898555
460611
44717
430802
465472
253247
210615
32032
513249
552608
673371
494087
439679
280779
448177
883353
302798
878491
207031
999754
822710
619073
909946
434705
214628
514961
552405
396973
838256
886681
694480
994909
203190
677438
432858
145670
748470
199594
88278
819386
464677
675771
61960
671106
295977
784297
788484
108500
968321
694176
717681
344037
937421
844140
971516
310677
426722
788170
698744
222725
781122
957126
448223
440953
432334
424081
363466
558979
805527
850139
788070
729942
711169
383721
886256
266798
726003
102286
887054
668560
113320
257300
147814
212016
97725
862553
787659
2449
657258
785123
742398
42404
578783
404889
184348
93994
730362
411232
693083
439183
85319
960481
835776
198314
630878
413771
999702
962571
486883
838449
199012
148529
863752
580972
660227
780922
728261
346148
329168
692453
41066
548425
158249
10522
948851
263490
831528
162720
590662
778407
774643
554499
20684
945018
356724
351861
96174
923571
800219
365849
788953
178381
26444
143423
602258
56386
31940
934116
106141
909431
750435
446592
488223
679125
401101
707278
799116
505974
495730
674281
952084
507137
229188
5664
86457
453054
748673
192239
390939
354064
511833
452339
873055
466668
169495
73
788948
948799
773320
751264
497780
125916
258661
667255
752378
145252
67359
483301
279226
330984
524071
885797
127720
133153
591795
608435
893480
328549
541078
599255
451540
559611
101749
419964
869361
299410
780117
12679
725548
601765
593083
728157
681546
335339
89507
803379
496573
911814
556782
633118
151860
834989
494522
919779
475065
198664
290682
338925
295743
754604
801889
11173
768225
700082
972716
716552
301396
255949
227107
609991
837792
149685
34097
790151
277692
68057
47888
28775
980396
310323
402409
775300
541318
432764
430454
145443
428412
851218
28829
685463
455391
307589
758690
145105
185341
36677
751427
431676
372728
607849
221384
990123
574751
868523
177224
261911
390299
198322
375533
978988
320160
432153
320825
428715
500962
690678
162430
259572
491684
13694
616075
240294
497397
624915
373538
481903
44343
8896
436296
276039
26647
338
876885
382855
966140
641782
886013
653967
50971
395098
872002
810250
723557
913116
81332
466892
165824
38061
612239
618832
650040
50309
629095
544744
451095
287558
72741
395081
352707
755366
394336
5245
963069
337778
295365
753576
158365
1310
722935
759703
42197
251119
541288
633284
228914
356477
775523
431740
61277
140911
903585
377965
655777
796262
596480
736969
676713
856992
279713
115311
733587
957929
89461
971086
638574
685023
287779
801308
72808
774058
465346
824017
300696
14933
38282
188864
682491
67560
662151
123861
653702
171892
47126
283897
974733
179192
864654
593456
268034
719155
42368
468428
128030
582871
917870
