83
320
444
571
1050
1071
1099
1110
1207
1234
1240
1266
1334
1358
1380
1421
1435
1449
1556
1689
1765
1823
1842
1890
1892
1962
1983
2066
2328
2511
2689
2904
2917
3007
3115
3290
3353
3436
3477
3596
3623
3801
3880
3906
4029
4045
4067
4107
4170
4233
4317
4431
4476
4605
4663
4726
4733
4749
5022
5204
5213
5292
5330
5420
5502
5596
5702
5807
5814
5834
5963
6202
6207
6335
6460
6532
6631
6737
6748
6782
6827
6899
6919
7174
7280
7298
7660
7749
7895
7920
8060
8111
8120
8140
8253
8327
8343
8349
8402
8637
8664
8677
8698
8715
8745
9088
9319
9386
9533
9623
9634
9735
9749
9788
9880
9891
10056
10117
10166
10172
10175
10196
10274
10303
10394
10423
10498
10555
10563
10824
10846
10869
11124
11176
11205
11464
11522
11562
11591
11612
11704
11711
11737
12196
12297
12379
12382
12416
12445
12451
12555
12829
12995
13102
13231
13395
13487
13655
13671
13813
14066
14089
14174
14194
14304
14402
14510
14594
14909
14951
14966
15053
15064
15091
15311
15384
15546
15571
15647
15874
15948
16238
16388
16393
16443
16505
16648
16835
16853
17044
17173
17200
17215
17284
17357
17367
17529
17779
17906
17946
17986
17992
18053
18068
18251
18255
18267
18308
18363
18543
18553
18554
18565
18577
18618
18822
18898
19021
19121
19180
19332
19393
19471
19538
19569
19715
19728
19788
19804
19921
20008
20012
20057
20150
20165
20416
20616
20727
20746
20937
21017
21148
21187
21203
21255
21394
21424
21460
21567
21588
21660
21853
22014
22180
22456
22668
22719
22753
22796
23064
23453
23517
23610
23685
24031
24126
24172
24267
24357
24366
24513
24763
24900
25025
25156
25217
25338
25392
25526
25598
25691
25774
25892
25936
26151
26166
26207
26277
26296
26370
26487
26575
26599
26643
26750
26758
27166
27277
27286
27403
27464
27521
27522
27595
27745
27766
27847
27948
27995
28032
28091
28114
28176
28224
28386
28475
28562
28708
28899
28911
29433
29463
29475
29486
29522
29601
29616
29738
29973
30012
30303
30390
30401
30467
30489
30597
30648
30702
30716
30780
30813
30830
30971
30981
31061
31097
31226
31450
31469
31497
31510
31631
31770
32006
32038
32074
32273
32379
32608
32743
32830
32867
32948
33142
33182
33194
33196
33241
33243
33265
33380
33454
33463
33477
33523
33610
33812
33938
34145
34191
34220
34264
34400
34496
34586
34626
34786
34898
34953
34973
34996
34998
35132
35135
35186
35230
35281
35348
35405
35412
35614
35855
35857
35866
35871
35900
36211
36401
36491
36505
36646
36658
36691
36723
36836
36928
36995
37046
37059
37162
37305
37388
37403
37523
37563
37568
37600
37641
37691
37906
37928
38023
38091
38179
38248
38278
38445
38691
38712
38717
38745
38899
38908
39025
39395
39410
39531
39567
39599
39620
40016
40060
40499
40596
40611
40730
41019
41054
41504
41580
41713
41753
41773
41874
41908
41922
41966
42056
42170
42330
42338
42417
42426
42490
42567
42699
42753
43079
43125
43228
43280
43313
43395
43506
43680
43922
43955
43983
43998
44095
44218
44234
44246
44260
44306
44346
44366
44472
44681
44890
44902
45168
45300
45372
45383
45493
45645
45715
45735
45763
46026
46159
46299
46311
46312
46552
46625
46711
46837
46947
47189
47454
47757
47837
47909
48131
48389
48393
48549
48550
48812
48876
48958
48984
49011
49112
49264
49303
49495
49575
49762
49807
49894
49895
49922
50035
50038
50062
50073
50099
50206
50230
50233
50298
50379
50388
50389
50424
50429
50464
50527
50617
50667
51028
51126
51238
51433
51711
51764
51781
51806
51830
51943
51952
52045
52122
52292
52309
52349
52442
52501
52519
52525
52567
52570
52658
52954
53339
53477
53698
53773
53786
53828
53831
53898
53964
54292
54348
54391
54403
54446
54461
54567
54727
54924
54958
55087
55146
55364
55379
55394
55394
55424
55594
55605
55616
55788
56028
56063
56110
56222
56240
56293
56374
56484
56513
56515
56820
57033
57298
57304
57327
57348
57427
57464
57483
57495
57573
57612
57640
57655
57717
57845
57860
57876
57931
58142
58144
58176
58278
58322
58332
58376
58393
58450
58467
58582
58623
58624
58659
58729
58760
58763
58770
58781
58895
59106
59169
59172
59292
59342
59344
59397
59547
59736
59830
60072
60080
60284
60294
60386
60451
60494
60582
60776
60919
60932
60933
60960
61234
61263
61276
61403
61438
61773
61885
62114
62180
62379
62430
62593
62663
62875
62905
63130
63247
63279
63286
63333
63400
63512
63532
63555
63589
63636
63703
63704
64069
64094
64134
64475
64620
64967
65128
65388
65419
65605
65619
65826
65844
65919
65934
66153
66217
66344
66350
66576
66684
66689
66825
67210
67517
67583
67598
67664
67861
67950
67967
68267
68286
68541
68596
68715
68732
69365
69547
69804
69895
69928
70027
70084
70273
70285
70380
70455
70485
70522
70546
70669
70777
70784
70855
70929
71035
71091
71116
71216
71256
71429
71471
71476
71663
71692
72157
72190
72327
72404
72431
72433
72476
72492
72724
72803
72847
72871
72962
72971
73015
73034
73065
73211
73256
73350
73509
73726
73817
74308
74519
74692
74712
74833
75076
75212
75297
75430
75705
75709
75753
75816
75954
76084
76155
77016
77177
77376
77506
77552
77556
77574
77738
77957
78128
78142
78163
78378
78474
78500
78618
78860
78949
78959
79023
79293
79380
79409
79426
79695
79879
79887
79911
79960
79976
80084
80088
80178
80380
80390
80492
80598
80649
80704
80838
80983
81006
81061
81146
81161
81208
81238
81257
81500
81509
81597
81871
81879
81988
82084
82175
82492
82587
82627
82644
82741
82841
83074
83248
83390
83618
83841
83948
84078
84367
84682
84816
85097
85191
85206
85362
85382
85639
85795
85854
85953
85956
86075
86164
86274
86487
86762
86876
86937
86943
87052
87135
87417
87593
87596
87597
87610
87657
87659
87830
87877
87927
88095
88173
88173
88440
88474
88565
88700
88747
89132
89136
89219
89223
89675
89690
89715
89847
89893
90068
90077
90492
90708
90727
90739
90801
90987
91046
91060
91079
91225
91339
91391
91464
91728
91736
91839
91861
91868
91932
92002
92036
92120
92177
92478
92531
92865
92890
92890
93051
93217
93298
93584
93649
93655
93675
93732
94085
94113
94188
94417
94453
94777
94832
94899
94923
94956
94976
95009
95028
95054
95084
95259
95492
95729
95948
96131
96190
96438
96694
96701
96799
97115
97350
97385
97521
97523
97648
97694
97720
97904
97927
98026
98046
98062
98286
98352
98386
98559
98991
98999
99011
99088
99103
99196
99390
99401
99621
99667
99668
99699
99703
99950
100151
100197
100433
100583
100742
100772
100784
100815
100815
100828
100847
100957
100988
101079
101338
101736
101938
102006
102162
102272
102546
102568
102729
103423
104049
104165
104237
104332
104489
104594
104604
104843
104858
104963
104980
105056
105343
105786
106077
106191
106197
106210
106407
106409
106501
106785
106856
107090
107222
107307
107363
107374
107457
107646
107736
107853
108030
108086
108138
108168
108248
108336
108393
108427
108433
108484
108540
108715
108796
108900
109033
109128
109206
109255
109306
109321
109387
109448
109508
109630
109720
109725
109803
109929
110001
110302
110389
110541
110662
110792
110837
110873
110878
110998
111017
111066
111098
111178
111482
111567
111640
111705
111832
111882
111922
111937
111995
112054
112082
112083
112215
112293
112320
112379
112579
112638
112680
112816
112862
112999
113053
113069
113151
113162
113180
113202
113425
113665
113707
113839
113848
113889
113960
113966
114243
114365
114391
114401
114580
114609
114651
114675
114766
114981
115048
115082
115084
115115
115228
115258
115348
115449
115569
115675
115776
115898
115916
115987
116008
116249
116360
116545
116550
116591
116667
116721
116724
116731
116807
116813
116842
116911
117004
117006
117083
117101
117143
117236
117271
117398
117413
117439
117467
117606
117813
118064
118230
118348
118375
118385
118390
118435
118453
118734
118810
118862
119053
119242
119508
119598
119619
119840
119846
119923
119976
120030
120284
120313
120377
120459
120696
120714
120744
120790
120852
120894
121122
121143
121226
121273
121462
121543
121794
121916
121958
122015
122037
122102
122155
122785
122803
122840
122932
123119
123231
123268
123405
123418
123499
123510
123668
123769
123817
123894
124216
124229
124254
124262
124447
124518
124721
124912
124980
125009
125013
125108
125165
125289
125399
125655
125730
125743
125744
125781
125874
126044
126141
126227
126370
126732
126762
126808
126952
127075
127261
127304
127363
127518
127572
127586
127608
127696
127730
127857
127971
128017
128161
128335
128446
128447
128572
128839
128907
128972
128992
129006
129081
129148
129221
129242
129286
129395
129527
129554
129612
129728
129782
130071
130152
130438
130439
130468
130664
130744
130773
130841
130909
130983
131157
131644
131762
131849
131918
131966
132047
132070
132115
132181
132281
132759
132799
132903
132948
132967
133153
133196
133295
133440
133445
133527
133698
133778
133890
133927
133978
133985
134180
134508
134513
134519
134596
134607
134620
134750
134792
135255
135280
135351
135499
135558
135572
135651
135772
136030
136054
136055
136105
136325
136472
136688
136725
137062
137079
137252
137261
137299
137643
137674
137701
137720
137764
137773
138067
138296
138360
138394
138418
138786
139003
139019
139181
139290
139380
139549
139557
139637
139667
139739
140209
140291
140387
140411
140430
140456
140505
140607
141049
141080
141112
141187
141408
141412
141598
141611
141990
142069
142161
142333
142418
142530
142817
142840
142885
143154
143175
143324
143395
143569
143613
143681
143957
144043
144100
144512
144534
144676
144684
144838
144919
144975
145096
145212
145418
145521
145773
145775
145803
145828
145865
145878
146270
146341
146411
146507
146561
146597
146850
147010
147076
147085
147107
147176
147187
147330
147588
147647
147683
147754
147768
147801
147848
147989
147996
148047
148199
148249
148265
148326
148331
148390
148478
148494
148521
148576
148615
148654
148732
148869
148958
148971
149006
149138
149161
149222
149284
149387
149514
149590
149798
149950
150107
150266
150286
150299
150409
150491
150572
150575
150638
150686
150730
151044
151100
151270
151302
151323
151384
151479
151552
151610
151680
151813
152039
152140
152226
152707
153058
153099
153124
153219
153228
153416
153544
153654
153756
153776
153928
154293
154328
154448
154469
154518
154624
154837
154854
155004
155093
155103
155130
155181
155300
155396
155427
155459
155474
155487
155504
155514
155537
155585
155609
155873
155889
155926
155975
155987
156032
156033
156069
156126
156247
156274
156306
156433
156626
156704
156775
156849
157119
157145
157149
157200
157228
157612
157650
157870
157900
157913
157965
158157
158254
158270
158738
158800
159060
159086
159164
159349
159379
159387
159577
159610
159696
159797
159824
159890
159903
160185
160576
160578
160674
160689
160748
160856
161162
161248
161423
161448
161582
161600
161628
161688
162246
162399
162692
162731
162799
162956
163018
163152
163238
163291
163376
163507
163532
163995
163995
164066
164129
164177
164284
164464
164583
164611
164643
164672
164690
164697
165039
165089
165090
165144
165531
165799
165841
166060
166127
166353
166411
166543
166624
166673
166677
166815
166889
166907
166917
166921
167003
167012
167014
167065
167085
167452
167511
167750
167768
167863
167962
168050
168052
168101
168186
168224
168268
168344
168415
168660
168673
168876
168906
168959
168991
169026
169136
169276
169325
169363
169422
169524
169589
169612
169679
169710
169718
169743
169761
169778
170033
170116
170151
170211
170297
170353
170521
170627
170696
170826
170955
171120
171208
171229
171424
171491
171667
171849
172021
172608
172874
172898
173026
173031
173175
173430
173584
173636
173695
173773
173988
174136
174323
174394
174511
174555
174661
174761
174808
174847
174875
174886
174942
174973
175060
175188
175248
175352
175584
175672
175905
175994
176079
176091
176169
176398
176579
176808
177180
177278
177310
177317
177350
177374
177434
177552
177770
177780
177842
177873
177898
177906
177967
178282
178333
178378
179145
179175
179646
179661
179713
179818
179840
179877
180061
180089
180379
180385
180409
180505
180541
180544
180593
180741
180867
180914
181004
181112
181196
181300
181340
181377
181466
181483
181704
181710
181734
181801
182019
182077
182094
182142
182284
182285
182285
182362
182385
182430
182508
182856
182905
183062
183123
183147
183151
183170
183186
183281
183297
183300
183304
183419
183448
183468
183515
183536
183608
183689
183735
183775
183871
183902
183981
183996
183998
184118
184331
184474
184492
184646
184650
184702
185099
185123
185145
185152
185157
185162
185239
185305
185337
185610
185652
185846
185922
186027
186366
186371
186393
186549
186651
186665
186724
186739
186890
187031
187053
187125
187156
187581
187757
187830
187857
187892
188189
188265
188331
188496
188659
188676
188780
188850
188888
188991
189154
189503
189528
189572
189573
189688
189701
189714
189847
190071
190176
190224
190264
190268
190302
190333
190631
190725
190847
190871
190949
190984
191226
191229
191315
191406
191602
191894
192124
192142
192180
192258
192270
192307
192343
192401
192451
192502
192849
193311
193355
193374
193429
193480
193601
193745
193795
193883
193926
193975
194092
194104
194132
194431
194623
194722
194776
194786
195033
195111
195310
195321
195342
195378
195646
195779
196045
196085
196102
196182
196307
196364
196469
196700
196721
196776
196912
196930
197033
197052
197506
197563
197572
197635
197917
197986
198062
198099
198103
198247
198319
198549
198742
198781
198796
199056
199092
199163
199175
199317
199414
199423
199425
199440
199655
199673
199791
199831
199968
200012
200031
200175
200267
200504
200673
200716
200737
201119
201165
201256
201428
201495
201574
201586
201827
202028
202079
202217
202229
202319
202383
202436
202441
202464
202484
202642
202749
202766
202858
202875
203136
203173
203205
203281
203331
203470
203751
204081
204183
204460
204685
204732
204749
204810
204822
204856
204911
204970
204983
205086
205102
205261
205392
205588
205621
205749
205775
205883
205896
206120
206252
206379
206447
206515
206558
206665
206696
206727
206806
207120
207154
207205
207433
207956
207977
208112
208167
208252
208266
208330
208424
208532
208557
208645
208716
208880
208920
208960
208960
209019
209158
209396
209420
209437
209566
209618
209646
209647
209648
209733
209904
209911
209935
209952
210077
210248
210291
210376
210536
210811
211003
211023
211042
211045
211069
211105
211175
211380
211571
211620
211992
212068
212072
212075
212166
212213
212290
212295
212447
212498
212896
213148
213217
213282
213339
213345
213382
213398
213578
213638
213795
213992
214116
214159
214184
214273
214387
214489
214539
214856
214972
215026
215079
215468
215540
215555
215668
215710
215713
215915
216091
216344
216364
216370
216810
216968
216983
216989
216990
217081
217145
217172
217233
217283
217440
217560
217567
217574
217620
217621
217730
217795
218024
218143
218202
218300
218450
218498
218507
218521
218778
218874
218913
218929
218949
219033
219118
219343
219572
219607
219621
219663
219863
219865
220015
220155
220159
220206
220283
220365
220414
220429
220500
220540
220583
220593
220607
220637
220734
220894
220989
221097
221112
221214
221227
221245
221287
221336
221372
221578
221724
221973
222171
222226
222235
222388
222427
222503
222595
222700
222757
222802
222831
223116
223164
223358
223363
223433
223723
223869
223919
224224
224344
224456
224485
224543
224544
224883
225035
225080
225223
225236
225410
225429
225448
225719
225881
226099
226224
226340
226460
226496
226540
226643
226833
226838
226929
226946
227023
227024
227056
227175
227203
227310
227360
227543
227847
227858
227894
227926
227992
228377
228518
228547
228852
228871
228925
228960
228966
229033
229120
229139
229140
229163
229165
229199
229341
229346
229896
229914
229937
229958
230008
230071
230127
230167
230365
230398
230477
230964
231319
231402
231420
231424
231514
231587
231672
231687
231749
232269
232401
232443
232532
232552
232640
232668
232686
232758
232790
232812
232834
232913
232922
233083
233166
233256
233338
233490
233574
233676
233958
234060
234191
234251
234349
234364
234457
234521
234562
234633
234737
234849
234921
235001
235073
235159
235263
235336
235338
235477
235657
235696
235721
235758
235974
236007
236100
236309
236339
236352
236445
236542
236594
236677
236844
236861
236898
237013
237148
237166
237401
237573
237616
237656
237662
237768
237973
238021
238047
238158
238219
238309
238436
238618
238878
239353
239426
239465
239537
239573
239592
239593
239650
239712
239939
239981
240304
240384
240480
240495
240832
240923
240935
241091
241155
241192
241207
241362
241393
241414
241451
241589
241768
241852
241864
241889
241892
241994
242021
242054
242119
242161
242435
242694
242733
242813
242849
242908
243126
243146
243167
243304
243478
243496
243498
243599
243690
243697
243732
243733
243893
244073
244113
244261
244328
244350
244356
244403
245006
245100
245128
245288
245353
245386
245444
245754
245849
245876
245881
245955
245960
246081
246137
246250
246280
246327
246490
246583
246612
246640
246765
247209
247255
247622
247952
248000
248026
248302
248367
248538
248644
248866
248884
249008
249088
249123
249197
249204
249244
249284
249290
249382
249551
249573
249620
249640
249801
249861
249866
249882
250331
250443
250530
250546
250712
250888
251215
251308
251330
251448
251459
251635
251667
251701
251712
251748
251792
251816
251883
252015
252041
252096
252101
252291
252305
252428
252434
252481
252547
252593
252655
252905
252964
253276
253378
253392
253551
253562
253724
253796
253863
253975
254115
254132
254220
254464
254572
254894
255027
255261
255296
255440
255520
255565
255632
255641
255915
256077
256109
256131
256332
256646
256658
257005
257150
257209
257723
257742
257778
257890
257902
257962
258132
258462
258549
258596
259167
259173
259564
259694
259808
259882
259888
259907
259924
260036
260041
260133
260165
260195
260351
260365
260527
260536
260627
260648
260681
260728
260753
260877
261021
261123
261199
261298
261314
261314
261399
261742
261899
261992
262059
262397
262535
262578
262637
262707
262724
262745
263013
263015
263045
263178
263544
263753
263871
263875
263946
263958
263974
264029
264059
264066
264098
264186
264632
264690
264868
265027
265186
265195
265273
265455
265504
265518
265519
265533
265656
265797
265821
265892
265989
266138
266207
266489
266517
266568
266652
266731
266881
266989
267024
267537
267595
267606
267755
267760
267788
267889
267927
268197
268242
268668
268681
269127
269456
269793
269948
270028
270063
270126
270217
270236
270394
270511
270543
270594
270783
271041
271293
271337
271493
271651
271718
271724
271739
271894
272036
272064
272094
272503
272558
272624
272836
272916
273010
273011
273084
273121
273211
273981
274039
274184
274239
274314
274347
274394
274756
274993
275051
275110
275119
275220
275221
275587
275621
275637
275768
275827
275918
276030
276136
276181
276242
276349
276402
276454
276585
276710
276795
276800
276816
276922
277033
277048
277093
277200
277273
277492
277552
277600
277625
277706
277883
277942
278022
278029
278139
278309
278445
278858
278902
278947
279073
279259
279354
279412
279510
279683
279781
279956
279960
279965
280010
280106
280120
280150
280165
280180
280192
280376
280557
280574
280630
280694
281025
281256
281275
281408
281438
281560
281612
281639
281684
281904
281961
282033
282060
282159
282199
282377
282424
282732
282762
282762
282797
282822
282856
282935
283090
283109
283131
283145
283461
283500
283505
283622
283748
284195
284251
284313
284392
284417
284534
284897
284931
284935
285042
285052
285138
285359
285384
285519
285788
285830
285919
285975
286182
286303
286475
286625
286884
287183
287186
287297
287460
287466
287491
287607
287628
287664
287776
287865
287880
287936
288073
288242
288274
288353
288443
288468
288657
288895
288904
289017
289154
289197
289391
289574
289613
289638
289670
289671
289800
289963
290268
290293
290367
290396
290605
290874
290951
290953
291005
291034
291101
291108
291325
291370
291451
291459
291740
291772
291828
291830
291918
292066
292082
292419
292479
292488
292634
292876
292887
292918
293171
293316
293351
293399
293463
293530
293631
293706
293755
293757
293792
293851
293881
294085
294123
294398
294412
294460
294477
294482
294491
294539
294589
294729
294760
294899
295002
295142
295215
295283
295445
295513
295566
295626
295741
296099
296381
296391
296402
296472
296541
296807
296835
297057
297073
297074
297202
297242
297395
297511
297581
297637
297656
297812
297946
298352
298489
298522
298576
298677
298709
298827
298998
299074
299258
299389
299462
299464
299589
299626
299660
299686
299754
299940
300300
300429
300581
300594
300628
300686
300727
300767
300932
301053
301172
301270
301465
301477
301479
301485
301802
301896
302060
302082
302123
302183
302219
302299
302375
302560
302699
302996
303014
303185
303215
303221
303255
303338
303374
303477
303502
303601
303739
303884
304047
304085
304196
304222
304391
304802
304817
305046
305230
305261
305345
305560
305676
305786
305811
305835
305967
305994
306027
306192
306267
306301
306363
306401
306447
306584
306694
306996
307274
307345
307660
307735
307741
307825
307858
307863
307924
307971
307976
308081
308109
308179
308274
308296
308360
308557
308673
308726
308812
308917
308927
308945
309005
309197
309648
309721
309725
309892
309948
310143
310209
310250
310312
310386
310528
310681
310694
310959
310993
311079
311091
311093
311167
311224
311288
311299
311432
311589
311600
311602
311832
312229
312449
312498
312544
312635
312702
312766
312802
312879
313033
313084
313121
313294
313638
313782
313955
314054
314334
314399
314550
314571
314612
314691
314700
314741
315137
315208
315225
315275
315292
315367
315372
315486
315539
315723
315731
315769
315826
315852
315901
315921
315990
316156
316189
316287
316998
317024
317100
317105
317193
317328
317363
317372
317555
317684
317747
317762
317864
317869
317997
318008
318028
318104
318136
318252
318306
318357
318406
318411
318417
318470
318539
318659
318679
318719
318769
318885
319145
319160
319170
319207
319233
319238
319346
319468
319522
319558
319702
319739
319976
319976
320028
320085
320131
320415
320513
320516
320536
320588
320647
320813
320846
320910
320922
321017
321150
321322
321353
321551
321674
321747
321976
322029
322091
322237
322238
322564
322624
322878
322994
323037
323245
323630
323637
323724
323731
324051
324142
324351
324368
324372
324406
324628
324660
324705
324753
324789
324790
324930
324932
324940
325017
325051
325103
325111
325202
325338
325407
325551
325844
325882
326198
326458
326556
326621
326717
326802
326889
326902
326944
327018
327187
327262
327472
327605
327686
327800
327833
327914
327948
328070
328198
328294
328338
328722
328787
328954
328957
328963
329232
329406
329506
329514
329579
329616
329884
330025
330042
330043
330193
330263
330297
330369
330507
330592
331265
331287
331293
331356
331456
331520
331720
331738
331857
331879
331930
332191
332247
332310
332380
332558
332633
332736
333048
333064
333149
333218
333226
333278
333324
333557
333641
333786
333942
334018
334084
334234
334251
334313
334318
334405
334408
334449
334584
334613
335026
335088
335364
335374
335402
335716
335997
336102
336251
336302
336331
336442
336874
336995
337019
337024
337083
337092
337179
337552
337559
337623
337709
337883
337919
337924
338034
338046
338145
338169
338248
338251
338329
338332
338621
338782
338897
338957
338959
338981
339126
339496
339510
339525
339530
339541
339729
339739
339786
340130
340294
340303
340315
340380
340429
340924
341055
341104
341215
341339
341456
341478
341492
341809
341810
341932
342031
342078
342136
342158
342216
342269
342277
342279
342353
342442
342473
342547
342702
342727
342789
342885
343056
343125
343158
343159
343218
343267
343323
343542
343769
343786
343843
343864
344225
344242
344248
344407
344423
344762
345050
345105
345131
345155
345707
345894
346042
346119
346259
346308
346371
346588
346723
346890
347180
347338
347462
347501
347748
347805
347959
348023
348086
348166
348182
348247
348405
348439
348469
348515
348549
348635
348974
349217
349264
349339
349341
349386
349440
349520
349698
349778
349822
349840
349841
349843
349909
349941
349997
350021
350037
350147
350340
350354
350416
350630
350910
350985
351055
351078
351612
351917
351941
351986
352018
352210
352216
352335
352463
352590
352626
352658
352725
352749
353058
353159
353206
353393
353426
353473
353513
353591
353600
353662
353676
353762
353973
354151
354220
354263
354268
354446
354479
354588
354726
354812
354893
355202
355479
355754
355788
355826
356069
356110
356195
356417
356513
356556
356559
356651
356933
356939
356975
357236
357425
357844
357885
357893
357911
358003
358317
358370
358426
358494
358502
358512
358645
358820
359074
359087
359134
359184
359358
359384
359594
359775
359777
359781
359811
359812
359977
360081
360209
360228
360233
360245
360315
360384
360600
360651
360873
360907
360979
361214
361326
361344
361357
361376
361502
361554
361562
361664
361685
361879
362034
362053
362324
362325
362329
362371
362454
362558
362618
362816
362816
362843
362873
362926
363002
363132
363297
363396
363407
363770
363851
363866
363921
363947
363951
364027
364037
364406
364421
364543
364809
364913
365027
365031
365282
365366
365396
365647
365682
365687
365772
365781
365782
365791
365804
365804
365813
365906
366037
366257
366293
366344
366459
366787
367005
367063
367088
367175
367226
367231
367243
367408
367415
367476
367520
367576
367619
367880
367905
368278
368316
368386
368447
368490
368493
368513
368523
368865
369016
369038
369274
369339
369554
369623
369972
370003
370082
370201
370467
370703
370871
370989
370992
370994
371046
371247
371513
371698
371736
371851
371962
371999
372202
372474
372501
372524
372529
372613
372704
372741
372998
373005
373121
373126
373184
373209
373236
373329
373393
373418
373522
373556
373692
373783
373791
373809
373852
374224
374298
374361
374411
374444
374493
374636
374909
375049
375054
375079
375190
375276
375331
375450
375491
375651
375719
375831
376054
376061
376331
376361
376492
376525
376533
376598
376640
376730
376830
376866
376892
376998
377172
377186
377346
377542
377544
377586
377604
377654
377949
378022
378076
378327
378429
378642
378643
378655
378674
378721
378753
379021
379188
379364
379551
379563
379626
379683
379711
379775
379845
379999
380047
380277
380309
380387
380610
380892
381017
381078
381256
381370
381403
381451
381478
381615
381618
382007
382031
382144
382253
382326
382349
382546
382562
382623
382955
383049
383072
383183
383316
383349
383384
383501
383690
383836
383860
384052
384059
384081
384282
384353
384384
384400
384724
384832
384845
384991
385209
385255
385387
385391
385541
385615
385654
385684
385684
385715
385739
385772
386021
386083
386092
386169
386169
386326
386348
386430
386529
386663
386842
386844
386879
386949
386961
387163
387217
387366
387409
387512
387522
387601
387721
387734
387774
387818
387849
388108
388131
388226
388427
388714
388791
388868
389101
389122
389256
389381
389437
389498
389559
389726
389745
389828
389876
390012
390318
390398
390401
390406
390539
390567
390584
390738
390863
390978
391053
391078
391092
391599
391840
391843
391852
391881
391902
391903
392046
392122
392212
392227
392420
392426
392427
392563
392616
392693
392694
392887
392963
393012
393047
393159
393399
393408
393486
393565
393870
393903
393929
393935
394050
394056
394063
394139
394254
394303
394335
394387
394545
394545
394588
394651
394662
394679
394681
394841
394892
395335
395401
395437
395464
395527
395743
396330
396488
396671
396801
397074
397247
397486
397496
397548
397655
397966
398030
398151
398207
398280
398423
398452
398499
398616
398701
398737
398895
398945
398989
399102
399240
399417
399610
399615
399645
399700
399747
399772
399929
399954
400011
400058
400417
400471
400622
400655
400679
400803
400837
400862
400910
400954
401214
401441
401635
401701
401993
402056
402058
402194
402370
402555
402773
402783
402808
402833
402845
403138
403173
403205
403215
403230
403377
403432
403476
403554
403621
403639
403703
403870
403979
403985
404021
404137
404262
404486
404612
404668
404704
404740
404967
405047
405064
405128
405535
405553
405617
405668
405802
405804
406016
406232
406560
406672
406683
406758
406787
407130
407155
407313
407319
407415
407438
407521
407611
407650
407877
407908
407959
408015
408113
408198
408236
408299
408300
408316
408446
408468
408489
408665
408679
408681
408766
408846
408912
409050
409141
409150
409159
409226
409286
409323
409356
409675
409874
409890
409936
409958
409979
410221
410269
410417
410425
410913
411083
411299
411411
411507
411842
412234
412428
412519
412644
412810
412830
413038
413167
413768
413784
413877
413951
413990
414056
414189
414221
414275
414289
414455
414470
414494
414532
414551
414562
414672
414735
414857
414963
415076
415103
415188
415316
415332
415360
415433
415573
415595
415652
415722
415743
416199
416286
416372
416440
416453
416825
417275
417374
417400
417450
417679
417743
417839
417901
418104
418146
418216
418242
418447
418484
418614
418634
418759
418866
418935
419211
419215
419274
419437
419524
419541
419582
419857
419929
420000
420090
420137
420197
420259
420306
420489
420624
420774
420791
420873
420981
421113
421163
421323
421524
421611
421873
421889
422019
422182
422266
422288
422367
422492
422697
422776
422825
423059
423090
423133
423203
423296
423322
423391
423395
423466
423500
423734
423785
423917
423943
424317
424329
424456
424559
424675
424735
424911
425028
425226
425260
425305
425409
425488
425737
425767
426033
426047
426183
426205
426219
426303
426319
426482
426494
426531
426596
426602
426732
426910
426968
427094
427122
427382
427550
427556
427593
427678
427717
427791
427819
427841
427872
427912
428079
428114
428238
428475
428502
428645
428884
428943
428992
429239
429258
429285
429337
429420
429459
429609
429678
429714
429841
429895
429919
430038
430101
430116
430166
430388
430392
430450
430512
430584
430634
430655
430703
430956
431068
431070
431100
431153
431193
431205
431268
431400
431688
431699
431937
431953
432341
432693
432695
432927
432942
433050
433146
433166
433210
433344
433363
433377
433382
433468
433566
433651
433898
433912
434188
434191
434251
434575
434728
434753
434852
434869
434906
434925
435008
435058
435096
435158
435441
435595
435723
435998
436021
436239
436259
436303
436369
436479
436488
436956
437042
437202
437247
437381
437622
437750
437757
437792
437906
438044
438108
438139
438218
438335
438375
438411
438473
438492
438712
438763
439014
439149
439161
439337
439566
439578
439669
439693
439712
439816
439903
440027
440124
440179
440189
440241
440383
440406
440728
440741
440750
440958
440993
441063
441064
441082
441101
441114
441203
441418
441589
441592
441700
441792
442063
442137
442168
442277
442561
442579
442876
443103
443157
443235
443240
443289
443342
443562
443953
443998
444246
444297
444389
444538
444600
444864
444875
445054
445087
445098
445565
445751
445869
445923
446027
446084
446129
446246
446281
446499
446541
446647
446658
446745
446999
447187
447247
447276
447298
447412
447449
447484
447507
447618
447633
447662
447733
447863
447941
447985
447991
448135
448149
448252
448370
448490
448606
448743
448746
448755
448779
449014
449085
449089
449266
449523
449571
449588
449737
449794
449828
449865
449957
450048
450096
450183
450188
450296
450392
450496
450560
450595
450654
450810
450816
450908
451033
451189
451231
451283
451391
451443
451449
451571
451790
451944
452121
452260
452433
452478
452489
452534
452603
452647
452707
452722
452747
452821
452913
452925
453083
453091
453422
453424
453590
453649
453783
453878
453962
454065
454130
454285
454425
454520
454533
454619
454712
454779
455025
455248
455376
455493
455500
455505
455773
455859
456095
456190
456232
456234
456485
456555
456732
456749
456916
457070
457150
457150
457156
457194
457200
457263
457349
457385
457448
457707
457772
457772
457882
457952
457960
458098
458287
458369
458380
458433
458453
458508
458566
458724
458929
459062
459093
459357
459358
459672
459887
460039
460263
460357
460527
460566
460590
460666
460748
460783
460945
460989
461049
461099
461383
461414
461461
461512
461611
461779
461968
462021
462064
462106
462176
462267
462268
462297
462476
462575
462684
462719
462878
462917
462917
462991
463192
463474
463491
463658
463829
463833
463960
464031
464221
464336
464564
464617
464634
464747
464853
464918
464925
465203
465204
465218
465307
465481
465590
465667
465952
466128
466280
466650
466789
466833
466840
466840
467282
467822
467847
467880
467910
467918
468091
468128
468313
468548
468684
468724
468933
469096
469361
469473
469546
469577
469640
469797
469805
470010
470172
470242
470284
470663
470770
470833
470924
471085
471251
471352
471352
471486
471591
471723
471736
471842
471920
472111
472159
472338
472338
472769
472869
472986
473254
473332
473437
473469
473606
473656
473705
473912
473912
473960
474110
474363
474600
474612
474698
474764
474811
475048
475214
475312
475344
475403
475466
475509
475524
475626
475720
475751
476009
476042
476128
476214
476547
476624
476678
476774
476965
477054
477115
477386
477431
477586
477740
477806
477873
477961
478111
478140
478140
478209
478426
478432
478463
478463
478818
479047
479136
479139
479166
479195
479360
479498
479705
479808
480273
480416
480642
480690
480745
480769
481171
481202
481266
481394
481430
481468
481471
481536
481652
481724
482031
482138
482196
482217
482222
482273
482414
482467
482621
482627
482693
482702
482705
482903
483032
483115
483225
483343
483366
483488
483614
483620
483668
483765
483850
483874
483964
484000
484068
484084
484148
484767
484818
484877
484994
485078
485091
485183
485274
485285
485299
485311
485331
485479
485606
485872
485878
485910
486062
486097
486109
486157
486375
486398
486410
486562
486591
486602
486625
486634
486641
486989
487000
487302
487364
487368
487483
487622
487821
488016
488090
488269
488500
488523
488736
489082
489142
489167
489171
489171
489704
489764
489832
489880
489915
490118
490196
490308
490348
490486
490654
490657
490690
490754
490904
490942
491049
491127
491163
491329
491346
491356
491453
491482
491665
491846
491912
491954
492074
492085
492107
492540
492589
492673
492876
492920
492947
492957
493064
493071
493153
493223
493593
494334
494372
494398
494429
494432
494501
494690
494805
494867
494873
494975
495144
495247
495319
495337
495349
495466
495710
495817
495844
495881
495906
495932
495976
496026
496045
496193
496198
496262
496336
496563
496689
496989
497014
497161
497338
497393
497547
497623
497731
497772
497823
497934
497950
498015
498143
498217
498554
498739
498771
498853
498909
498916
499024
499026
499092
499120
499267
499585
499915
499937
499955
500087
500192
500371
500608
500632
500659
500689
500713
500722
500739
500795
500844
501003
501016
501148
501393
501495
501609
501797
501854
502035
502049
502058
502098
502151
502517
502869
502931
503068
503197
503348
503513
503594
503630
503675
503756
503859
504093
504168
504171
504270
504375
504430
504522
504667
504904
505191
505240
505352
505433
505451
505700
505743
506154
506205
506435
506477
506487
506502
506652
506762
506927
507116
507307
507329
507381
507385
507590
507653
507686
507754
507773
507809
507940
507998
508018
508080
508136
508215
508522
508790
508928
509191
509194
509213
509278
509388
509508
509676
509693
509712
510057
510124
510145
510291
510394
510535
510539
510643
510683
510689
510694
510706
510721
510882
510956
510968
511134
511239
511296
511306
511723
511917
511992
512212
512272
512401
512727
512865
513130
513147
513193
513355
513357
514061
514070
514205
514217
514498
514643
514905
514956
515082
515203
515219
515356
515513
515565
515646
515828
515850
515909
516168
516184
516265
516296
516351
516481
516735
516759
516762
516821
516840
516864
516940
517005
517073
517128
517202
517522
517597
517777
517781
517816
517885
518196
518233
518300
518528
518592
518606
518645
518825
518945
519062
519313
519689
520236
520267
520347
520425
520699
520841
520869
521041
521091
521100
521220
521400
521450
521703
521825
522073
522083
522092
522158
522232
522408
522479
522617
522739
522751
522806
523080
523101
523188
523249
523332
523410
523721
523727
523839
523847
523883
523915
523949
524032
524119
524183
524189
524242
524543
524549
524670
525177
525225
525443
525444
525480
525596
525615
525771
525838
525938
526041
526241
526327
526431
526579
526628
526734
526841
526883
527101
527208
527292
527428
527464
527940
527960
528090
528107
528201
528223
528303
528417
528520
528645
528654
528828
528880
528944
529092
529125
529218
529410
529445
529506
529550
529574
529631
529790
529811
529816
529864
530016
530126
530160
530193
530256
530419
530564
530789
531058
531073
531099
531104
531132
531155
531228
531321
531388
531426
531436
531580
531771
531881
531887
531990
532181
532255
532304
532315
532336
532429
532461
532462
532526
532669
532836
532842
532862
532892
532919
533154
533263
533312
533333
533413
533566
533571
533736
534075
534364
534424
534505
534654
534702
534756
534907
535426
535446
535592
535612
535625
535645
535716
536044
536067
536233
536251
536303
536348
536476
536524
536530
536565
536600
536609
536905
537072
537083
537122
537365
537397
537415
537830
537858
537888
538165
538234
538334
538339
538370
538375
538434
538716
539084
539189
539208
539221
539246
539346
539405
539480
539481
539670
539764
539866
540126
540160
540162
540337
540481
540506
540555
540561
540630
540803
540863
540897
541033
541066
541175
541471
541549
541573
541614
541696
541762
541770
541857
541872
541903
541913
541985
542009
542098
542118
542157
542326
542394
542627
542677
542762
542898
543142
543460
543732
544015
544056
544200
544245
544273
544280
544507
544517
544544
544589
544713
544885
544946
544961
544968
545000
545008
545173
545189
545235
545468
545518
545570
545875
546059
546192
546265
546328
546379
546427
546458
546661
547151
547230
547287
547380
547395
547540
547634
547727
547792
547887
548231
548235
548438
548622
548724
548756
548810
548815
548884
548975
549050
549078
549106
549216
549308
549403
549489
549618
549763
549837
549856
549856
550038
550086
550127
550186
550194
550292
550648
550686
550837
550928
550983
551101
551238
551383
551459
551547
552111
552245
552281
552376
552392
552471
552543
552617
552848
553012
553134
553201
553349
553404
553428
553549
553619
553896
553913
553931
554058
554358
554366
554369
554471
554733
554951
555036
555072
555141
555148
555383
555495
555615
555623
555895
555963
556090
556226
556278
556315
556800
556846
556858
557108
557143
557295
557493
557657
557673
558029
558218
558291
558417
558450
558575
558619
558773
558877
558916
558919
558949
558951
558952
558953
559201
559210
559325
559463
559774
559797
559826
560030
560072
560078
560127
560133
560136
560282
560311
560355
560388
560692
560701
560753
560818
561057
561117
561167
561253
561295
561401
561408
561411
561429
561670
561760
561902
561936
562056
562516
562558
562692
562780
562920
563020
563124
563211
563262
563315
563506
563589
563592
563655
563711
563756
563898
563948
563988
564003
564022
564231
564263
564439
564446
564596
564661
564663
564675
564778
564949
565060
565101
565137
565295
565425
565466
565468
565477
565667
565711
565805
566178
566243
566376
566426
566444
566668
566901
566942
567026
567089
567234
567289
567434
567439
567451
567718
567732
567747
567794
567999
568065
568187
568199
568610
568662
568685
568742
568754
568931
569012
569168
569230
569264
569602
569623
569724
570011
570339
570417
570591
570705
570833
570917
570953
571003
571011
571051
571061
571071
571100
571147
571176
571224
571231
571305
571330
571371
571509
571541
571561
571823
572131
572244
572258
572312
572316
572336
572427
572448
572503
572516
572562
572581
572794
572858
573244
573263
573462
573483
573714
573800
573882
573986
574175
574201
574359
574578
574603
574681
574776
574846
574961
575067
575097
575835
576032
576085
576143
576182
576198
576266
576300
576472
576603
576882
576889
576920
577309
577551
577567
577641
577739
577803
577910
577974
578033
578039
578044
578119
578321
578449
578503
578572
578716
578779
578805
579006
579170
579244
579313
579464
580052
580232
580305
580397
580402
580505
580577
580794
580794
580822
580871
580923
580940
581054
581062
581156
581214
581285
581381
581441
581450
581591
581672
581728
581756
581761
581934
581956
582009
582124
582146
582351
582541
582544
582640
582844
582873
582928
583213
583318
583467
583485
583493
583658
583695
583832
583852
583896
584103
584134
584327
584415
584435
584470
584791
584810
584826
584970
585001
585038
585120
585190
585235
585237
585316
585542
585545
585657
585766
585789
585898
585911
585942
585985
586046
586096
586416
586692
586823
586963
587072
587206
587368
587371
587436
587668
587679
587866
587948
588054
588069
588167
588239
588289
588505
588621
588724
588787
588800
588864
588894
588997
589005
589082
589154
589169
589330
589514
589542
589685
589705
589717
589780
589798
589829
590086
590087
590095
590133
590300
590321
590520
590535
590682
590930
590954
591076
591492
591549
591774
591858
591879
591894
591907
592335
592360
592412
592479
592630
592680
592730
592769
592851
592941
592969
593093
593097
593105
593148
593411
593626
593727
594178
594187
594225
594652
594746
594871
594897
595231
595374
595375
595412
595543
595644
595753
595826
596036
596069
596104
596202
596271
596306
596410
596434
596499
596514
596548
596614
596832
596854
596905
596976
597011
597015
597074
597145
597212
597653
597699
597748
597781
597824
597892
598066
598154
598176
598381
598468
598589
598740
598819
598869
599004
599007
599181
599188
599538
599545
599594
599946
600028
600231
600345
600692
600737
600767
600860
600921
600940
600988
601063
601169
601209
601231
601323
601324
601563
601672
601820
601873
601894
602080
602133
602146
602160
602295
602325
602341
602522
602597
602673
602718
602745
602787
602925
602932
603071
603104
603195
603219
603275
603300
603355
603875
603984
604018
604154
604186
604316
604378
604519
604647
604651
604667
605041
605109
605166
605204
605267
605673
605832
606010
606086
606605
606663
606667
606799
606806
606914
606948
606982
607026
607139
607326
607327
607370
607465
607702
607854
608033
608541
608701
608750
609178
609249
609273
609541
609583
609680
609721
609833
610045
610239
610326
610374
610626
610737
610839
610921
610984
611163
611343
611463
611803
611805
611901
611929
612103
612200
612344
612450
612506
612798
612813
612824
612987
613164
613179
613234
613259
613326
613802
613850
613945
613975
614038
614063
614116
614131
614435
614524
614600
614805
615144
615170
615258
615404
615408
615597
615662
615689
615724
615734
615872
616027
616099
616139
616192
616222
616269
616277
616619
616662
616702
617102
617147
617235
617315
617447
617482
617667
617894
617902
617940
617985
618253
618346
618362
618504
618504
618563
618791
618890
619002
619020
619020
619066
619174
619179
619412
619426
619481
619640
619677
619822
619862
619981
620087
620146
620241
620326
620345
620363
620405
620460
620462
620534
620553
620589
620602
620638
620652
620709
620787
620941
621075
621119
621442
621449
621478
621604
621811
621838
621916
621918
622025
622103
622161
622256
622259
622703
622717
622971
623079
623351
623427
623450
623525
623666
623745
623854
623913
624019
624094
624115
624147
624428
624596
625049
625055
625092
625127
625135
625147
625250
625281
625529
625559
625604
625717
625913
625931
626002
626115
626115
626192
626220
626557
626562
626610
626631
626647
626696
626722
626868
626910
626911
627154
627227
627239
627395
627558
627582
627843
627872
628294
628298
628382
628426
628520
628610
628640
628685
628704
628960
629145
629202
629620
629789
629818
629819
629848
629861
630054
630285
630390
630396
630468
630867
631060
631095
631248
631468
631548
631667
631692
631847
632198
632266
632292
632333
632364
632368
632644
632735
632748
632765
632833
632912
633256
633259
633395
633683
633691
633715
633723
634270
634288
634488
634619
634754
634770
634870
634888
634946
635167
635196
635257
635344
635564
635683
635785
635832
635857
636114
636238
636290
636357
636573
636638
636660
636674
636704
636772
636829
637016
637022
637066
637139
637351
637605
637813
637822
637953
638086
638126
638131
638280
638369
638392
638472
638522
638530
638583
638627
638735
638747
638937
638951
638981
638990
638999
639253
639293
639421
639558
639571
639578
639726
639758
639771
639837
639926
639930
639977
640014
640039
640054
640064
640136
640329
640613
640665
640692
640819
640852
640983
641064
641122
641146
641323
641342
641473
641488
641821
641964
641979
642040
642041
642133
642489
642557
642720
642931
643240
643438
643440
643596
643599
643670
643771
643871
643892
644139
644165
644281
644334
644432
644675
644679
644791
644856
644863
644929
644953
644990
644997
645267
645335
645453
645530
645636
645671
645732
645733
645787
645798
645799
645849
645982
645994
646169
646220
646231
646320
646324
646507
646615
646629
646652
647227
647456
647457
647985
648116
648176
648294
648419
648432
648599
648607
648656
648667
648787
648844
648915
648979
648991
649067
649243
649321
649363
649403
649440
649748
649799
649802
650116
650181
650252
650285
650286
650322
650326
650377
650383
650473
650571
650693
650783
651009
651029
651055
651079
651079
651097
651128
651136
651241
651626
651679
651685
651798
651909
651971
652042
652118
652223
652236
652329
652358
652549
652579
652694
652837
652990
653065
653086
653101
653114
653166
653222
653228
653234
653298
653349
653572
653663
653718
653878
654097
654231
654330
654332
654660
654662
654805
655076
655130
655181
655190
655355
655416
655554
655614
656010
656054
656130
656670
656902
657003
657121
657146
657275
657613
657645
657669
657706
657932
658059
658128
658155
658348
658417
658726
658919
659134
659230
659362
659483
659637
659671
659832
659847
660023
660037
660058
660193
660318
660670
660747
661004
661032
661104
661318
661357
661485
662190
662471
662572
662757
662786
662899
662906
663040
663149
663208
663336
663442
663541
663670
663683
664026
664087
664102
664129
664341
664423
664513
664516
664549
664661
664798
664877
664898
664974
665182
665306
665555
665633
665641
665882
666144
666418
666519
666595
666668
666964
667022
667119
667286
667296
667397
667480
667483
667767
667770
667770
667779
667863
667880
667956
668121
668146
668190
668211
668287
668427
668432
668472
668655
668962
669083
669117
669153
669262
669284
669406
669480
669482
669757
669805
670019
670079
670150
670205
670314
670431
670736
670885
671057
671166
671192
671447
671450
671471
671618
671648
671786
671798
671842
671911
672084
672101
672128
672357
672523
672630
672669
672734
672739
672748
672825
672827
673179
673188
673228
673416
673426
673634
673679
673755
673762
673793
673890
673892
673939
673964
673970
673980
674057
674171
674360
674402
674447
674542
674612
674627
674887
674943
675198
675348
675393
675480
675593
675696
675916
675926
675949
675958
676181
676213
676321
676358
676360
676370
676569
676985
677173
677433
677474
677552
677582
677623
677652
677868
677949
678039
678049
678066
678116
678393
678440
678605
678944
679120
679156
679237
679600
679766
679779
679793
679837
679862
680073
680282
680288
680318
680351
680822
680936
680965
681162
681204
681388
681449
681586
681627
681868
681878
682140
682437
682488
682591
682639
682737
682758
682857
682902
682957
683010
683083
683195
683301
683314
683339
683378
683821
683931
683959
683971
683977
684124
684178
684288
684430
684780
684887
684913
684924
684991
685349
685443
685453
685531
685619
685940
686035
686072
686129
686178
686238
686269
686317
686379
686457
686592
686651
686669
686702
686764
686895
687070
687117
687282
687443
687531
687548
687623
687645
687682
687867
688226
688411
688457
688490
688522
688603
688649
688745
688848
689061
689207
689427
689507
690052
690128
690164
690259
690267
690350
690414
690425
690549
690632
690786
690790
690810
691052
691110
691175
691238
691333
691400
691451
691751
691783
691801
691922
691974
691987
692059
692146
692325
692475
692526
692689
692699
692856
692864
692880
692963
692996
693105
693236
693286
693350
693604
693767
693785
693822
693935
694080
694124
694259
694335
694362
694374
694578
694594
694679
694711
694714
694760
694801
694948
695000
695129
695309
695316
695319
695381
695409
695582
695661
695717
695832
696025
696061
696314
696351
696411
696633
697060
697128
697237
697269
697318
697331
697377
697474
697602
697688
697714
697737
697837
697919
697977
698030
698126
698318
698438
698484
698564
698638
698976
699146
699240
699276
699374
699414
699422
699440
699506
699554
699640
699686
699736
699763
699808
700202
700283
700442
700581
700718
700844
700851
700891
700938
701314
701419
701500
701575
701877
701880
702015
702030
702062
702268
702286
702869
703091
703352
703357
703385
703577
703597
703653
703671
703747
703803
703810
703815
703924
704086
704107
704187
704444
704459
704519
704527
704727
704941
704979
705006
705028
705343
705345
705594
705724
705743
705933
705970
706203
706317
706417
706432
706460
706528
706574
706606
706636
706647
706858
706992
707038
707100
707217
707491
707529
707563
707630
707739
707807
707974
708047
708198
708486
708516
708612
708632
708657
708736
708756
708915
708936
708982
709373
709385
709953
709964
710046
710111
710201
710308
710411
710521
710521
710641
710703
710783
710793
710864
711184
711390
711392
711396
711623
712016
712354
712440
712479
712544
712714
712898
712956
713008
713161
713199
713208
713247
713325
713470
713825
714045
714262
714395
714411
714621
714629
715292
715313
715524
715545
715665
715820
715838
715972
716035
716102
716126
716140
716162
716177
716278
716533
716570
716706
716712
717006
717120
717324
717326
717354
717495
717613
718032
718266
718269
718392
718494
718557
718775
718862
718870
718921
718980
718981
719001
719119
719146
719385
719397
719437
719500
719521
719522
719743
719978
720056
720158
720182
720275
720566
720778
720787
720841
720968
721107
721427
721492
721542
721610
721633
721785
721926
722033
722296
722400
722404
722531
722592
722646
722650
722652
723168
723288
723324
723527
723717
723802
723826
723920
724005
724085
724088
724138
724150
724232
724418
724466
724489
724557
724782
724819
724833
724867
724936
725243
725418
725785
725812
725867
725908
725959
725983
726378
726429
726683
726776
726791
726872
726954
726979
727154
727182
727212
727481
727498
727651
727875
727894
727930
727995
728028
728233
728510
728621
728918
728945
729071
729132
729233
729262
729576
729582
730058
730150
730294
730435
730602
730635
730686
730708
730988
731009
731069
731192
731299
731333
731348
731387
731422
731513
731563
731580
731616
731697
731898
732366
732426
732483
732534
732552
732606
732831
732853
732870
732914
732954
733109
733120
733134
733189
733368
733644
733730
733777
733871
734081
734182
734186
734213
734235
734288
734295
734341
734364
734373
734429
734526
734682
734796
734797
734898
734978
735120
735143
735153
735188
735205
735257
735656
735802
735825
735825
735888
735950
735962
736211
736290
736350
736351
736499
736553
736596
736883
736909
736928
737207
737236
737393
737459
737486
737524
737532
737684
737741
737791
737887
737988
737993
738144
738150
738450
738472
738501
738606
738779
738843
739042
739226
739356
739494
739644
739717
739792
739839
739944
739967
740004
740024
740065
740364
740508
740566
740638
740758
740793
740870
740961
740985
741038
741045
741078
741234
741290
741400
741450
741471
741694
741831
741875
741924
741965
742047
742123
742220
742303
742346
742428
742512
742520
742582
742665
742794
742813
742869
742887
742925
742929
743018
743178
743381
743467
743494
743669
743860
743891
744030
744114
744131
744195
744354
744469
744497
744565
744842
744846
745094
745163
745232
745260
745393
745442
745474
745523
745528
745557
745582
745651
745657
745700
745965
746161
746272
746314
746608
746629
746660
746839
746851
746861
747325
747330
747521
747617
747859
747948
748353
748409
748431
748839
748863
749072
749133
749142
749257
749271
749352
749372
749474
749572
749584
749605
749664
749708
749949
750033
750124
750135
750138
750163
750450
750527
750580
750661
750841
750849
750892
751821
751858
752087
752219
752249
752331
752457
752460
752553
752624
752641
752668
752721
753074
753125
753251
753373
753483
753545
753568
753591
753633
753684
753749
753925
753938
754256
754299
754373
754427
754475
754808
754830
754940
754961
755008
755041
755097
755100
755174
755202
755425
755449
755619
755708
755819
756156
756357
756493
756602
756603
756677
756691
756743
756746
756820
756912
757282
757386
757396
757417
757418
757633
757774
757846
758097
758182
758208
758239
758269
758374
758421
758449
758464
758566
758700
758874
758973
759256
759275
759276
759337
759347
759668
759712
759833
759861
759971
759980
760570
760605
760864
760952
760980
761020
761167
761168
761195
761401
761487
761573
761631
761703
761794
761808
761867
761970
761998
762383
762396
762404
762429
762489
762514
762516
762825
762901
762984
762995
763105
763164
763205
763410
763692
763993
764126
764179
764362
764574
764708
764792
765116
765192
765478
765515
765558
765842
765848
765973
766239
766285
766449
766596
766606
766772
766889
766939
766984
767041
767046
767162
767202
767227
767274
767333
767344
767357
767363
767807
767820
768014
768038
768129
768193
768220
768236
768599
768692
768784
768812
768865
769157
769242
769258
769392
769607
769792
769922
769934
769935
770065
770158
770174
770224
770349
770374
770381
770386
770432
770530
770726
770889
771151
771254
771256
771472
771493
771591
771625
771687
771693
771737
771943
772004
772043
772161
772239
772280
772475
772579
772619
772666
772814
772890
772964
773086
773225
773270
773277
773295
773324
773506
773630
773645
773658
774081
774153
774327
774344
774495
774498
774545
774708
774867
775212
775240
775549
775567
775700
775845
775963
776015
776029
776054
776281
776516
776620
776658
776693
776718
776779
776951
776962
777292
777384
777409
777454
777481
777543
777833
778066
778731
778862
779248
779439
779537
779602
779787
779830
780009
780246
780325
780386
780558
780573
780633
780659
780681
780986
781036
781058
781106
781190
781491
781491
781595
781615
781697
781821
781870
781931
782133
782176
782213
782297
782334
782352
782368
782415
782444
782499
782596
782652
782730
782736
782848
782915
782939
783078
783105
783251
783324
783324
783371
783725
783761
783806
783844
784025
784058
784069
784111
784151
784455
784621
784697
784818
784842
784877
785003
785124
785129
785168
785317
785361
785435
785642
785742
785811
785832
786087
786156
786178
786226
786232
786469
786521
786750
787043
787188
787207
788133
788137
788232
788272
788372
788402
788433
788488
788514
788526
788623
788903
788961
789053
789364
789521
789584
789967
790020
790050
790068
790126
790436
790467
790669
790979
791626
791662
791676
791905
792061
792092
792112
792257
792298
792431
792490
792511
793007
793011
793097
793163
793210
793428
793444
793468
793602
793637
793637
793882
793901
794220
794291
794393
794452
794543
794543
794594
794604
794622
794695
794736
794886
794994
795026
795183
795321
795440
795490
795841
795856
795878
795911
795957
795980
796029
796031
796153
796391
796477
797231
797261
797617
797640
797645
797724
797746
797900
797958
798013
798025
798068
798082
798127
798140
798228
798281
798316
798326
798371
798448
798457
798511
798577
798764
798935
799076
799122
799192
799197
799507
799563
799707
799785
799840
799879
799893
800335
800493
800496
800509
800527
800600
800702
800754
800898
800937
801073
801131
801147
801214
801315
801317
801347
801565
801632
801906
801972
802096
802168
802410
802443
802573
802604
802624
802697
802740
803106
803180
803324
803385
803420
803515
803559
803894
803909
803931
803997
804034
804117
804124
804227
804370
804375
804437
804682
804712
804989
804992
805032
805088
805182
805395
805652
805702
805711
805815
805911
805953
805960
806331
806361
806507
806621
806640
806825
806944
806955
806986
807085
807198
807267
807343
807368
807376
807423
807431
807597
807932
808126
808154
808174
808219
808241
808257
808630
808649
808774
808816
808944
809048
809077
809094
809161
809178
809214
809304
809371
810044
810062
810114
810315
810317
810344
810413
810469
810645
810691
810754
810863
810947
810975
811170
811284
811382
811395
811558
811607
811772
811976
812132
812345
812360
812607
812624
812690
812871
812897
812938
813074
813088
813251
813380
813437
813722
814019
814161
814279
814349
814355
814684
814861
814887
814981
815033
815104
815109
815152
815223
815313
815319
815330
815418
815581
815651
815654
815669
815801
815863
815870
816070
816084
816181
816560
816602
816714
816753
816756
816861
816921
817168
817200
817201
817408
817523
817657
817721
817769
817773
817968
817997
818107
818135
818168
818216
818236
818352
818369
818462
818524
818525
819042
819065
819085
819107
819110
819138
819370
819456
819457
819608
819645
819736
819736
820023
820297
820501
820543
820615
820658
820675
820699
820701
820705
821003
821045
821175
821280
821344
821472
821650
821660
821776
821821
822093
822367
822458
822654
822677
822770
822822
822928
823239
823245
823289
823366
823370
823469
823488
823509
823754
823760
823840
823910
823928
823976
824200
824341
824363
824484
824497
824513
824886
824993
825027
825215
825274
825388
825418
825509
825619
825823
825946
825990
826222
826369
826425
826516
826575
826723
826891
826961
827001
827333
827364
827471
827630
827661
827708
827831
827978
827986
828031
828059
828075
828115
828143
828531
828636
828966
829546
829571
829660
829751
829893
829939
829986
829993
830017
830062
830139
830273
830440
830529
830581
830590
830800
830842
830895
831025
831128
831157
831236
831613
831903
832206
832355
832362
832470
832534
832677
832682
832835
832992
833027
833055
833178
833447
833458
833496
833603
834104
834453
834575
834603
834663
834726
834755
834774
834927
835187
835210
835254
835324
835348
835358
835373
835478
835482
835529
835539
835608
835724
835734
835737
835778
835807
835978
836026
836037
836078
836229
836267
836278
836408
836414
836882
836962
837034
837320
837446
837470
837621
837908
837928
838237
838410
838435
838449
838450
838663
838787
838867
838881
839026
839030
839060
839099
839133
839233
839288
839351
839522
839553
839590
839710
839731
839838
839917
839979
840078
840275
840416
840503
840545
840613
840650
840788
840913
840991
841177
841256
841283
841354
841360
841593
841685
841717
841724
841757
841903
841918
842040
842103
842319
842463
842622
842788
842789
842814
842854
843568
843664
843863
843978
844018
844120
844123
844173
844206
844285
844348
844373
844438
844450
844720
845105
845237
845492
845537
845588
845682
845723
845782
845920
846206
846239
846364
846389
846416
846562
846595
846625
846671
846768
847075
847141
847205
847268
847293
847370
847496
847571
847768
847772
847795
847959
848034
848149
848169
848353
848473
848520
848765
849308
849328
849518
849635
849776
849789
849905
850229
850377
850410
850449
850573
850579
850615
850803
850868
851008
851205
851387
851398
851491
851630
851757
851827
851899
852036
852087
852221
852333
852446
852558
852631
853266
853275
853643
853710
853769
853873
853874
854007
854072
854109
854115
854132
854139
854316
854626
854659
854689
854771
854882
855034
855047
855064
855196
855205
855219
855276
855278
855299
855445
855485
855488
855506
855651
855839
855964
856161
856172
856232
856343
856458
856462
856782
856944
857259
857382
857417
857968
858085
858096
858130
858214
858353
858356
858598
858625
858715
858718
858922
858941
859505
859598
859831
859973
860068
860068
860388
860444
860448
860507
860565
860692
860746
860813
860860
861178
861277
861379
861442
861465
861616
861684
861713
861737
861904
862076
862148
862165
862215
862390
862498
862565
862713
863066
863175
863221
863299
863312
863560
863629
863737
863740
863744
863864
863951
863960
863998
864074
864076
864468
864495
864575
864631
864798
864832
864897
865012
865059
865361
865412
865428
865693
865747
865854
866038
866194
866216
866433
866475
866521
866554
866601
866742
866810
866910
866935
867022
867061
867063
867791
868240
868633
868654
868810
868841
868864
868958
868983
869029
869195
869417
869771
870083
870133
870346
870377
870384
870485
870528
870672
870816
870831
871130
871215
871449
871514
871541
871591
871696
871820
871912
871936
871949
871970
872001
872290
872290
872291
872415
872794
873006
873173
873333
873424
873651
873656
873681
873910
873925
874016
874106
874150
874195
874576
874604
874714
874817
874843
875017
875281
875289
875401
875416
875417
875456
875596
875614
875729
875766
875825
875895
875967
876286
876512
876643
876808
877249
877267
877468
877635
877756
877804
877920
877952
878035
878061
878083
878175
878267
878296
878547
878557
878586
878612
878650
878768
879033
879255
879342
879416
879545
879705
879871
880011
880013
880091
880178
880387
880390
880413
880466
880601
880668
880751
880851
880994
881059
881130
881325
881496
881527
881688
881699
881742
881849
881860
882107
882231
882436
882607
882631
882725
882799
882880
883020
883078
883127
883147
883306
883462
883783
883857
883894
884028
884099
884241
884583
884870
884896
884911
884963
885144
885147
885291
885343
885372
885418
885587
885743
885915
885921
885964
886039
886084
886136
886202
886239
886261
886272
886385
886468
886532
886542
886573
886670
886778
886870
886877
886980
887108
887225
887262
887522
887582
887587
887799
887869
888154
888168
888208
888219
888403
888516
888531
888650
888902
888930
888965
889066
889185
889241
889354
889777
889825
889847
889874
890133
890137
890250
890252
890550
890668
890716
890794
890848
890979
891014
891075
891198
891371
891409
891856
891925
892292
892648
892676
892732
892970
892999
893184
893210
893247
893339
893402
893477
893515
893540
893608
893652
893671
893848
893887
894040
894113
894138
894240
894315
894356
894460
894640
894660
894764
895046
895052
895130
895240
895283
895291
895310
895318
895748
895830
895995
896231
896332
896438
896490
896547
896631
896712
896718
896721
897161
897166
897271
897297
897533
897587
897760
897793
898161
898178
898206
898242
898380
898467
898610
898686
898887
898922
899111
899253
899352
899366
899386
899448
899474
899612
900115
900285
900346
900370
900626
900689
900708
900807
900957
901013
901094
901109
901198
901201
901247
901516
901553
901587
901707
901757
901767
902041
902153
902176
902240
902267
902303
902569
902601
902774
902965
903004
903022
903075
903082
903202
903210
903253
903316
903343
903415
903463
903533
903553
903695
903697
903789
903842
903842
903904
904107
904232
904293
904367
904419
904437
904544
904547
904574
904899
904975
905149
905227
905305
905441
905527
905685
905802
905821
906058
906129
906317
906342
906360
906368
906438
906833
906888
907070
907077
907145
907319
907411
907523
907548
907579
907607
907644
907671
907719
907934
908055
908402
908638
908646
908730
908731
908803
909000
909016
909029
909029
909084
909104
909200
909313
909370
909389
909393
909397
909446
909500
909621
909622
909683
909748
909755
909794
909902
909916
909969
910190
910223
910250
910364
910544
910764
910946
910963
911121
911509
911562
911928
911952
911999
912108
912131
912136
912339
912426
912498
912570
912624
912675
912765
912776
912971
912986
913078
913295
913301
913698
913780
913831
914477
914511
914532
914549
914621
914723
914776
914923
915023
915106
915167
915221
915421
915517
915619
915717
915787
915798
915881
915932
915992
915995
916178
916235
916339
916373
916468
916512
916616
916644
916709
916733
916755
916781
916921
917165
917385
917418
917591
917761
917798
918110
918169
918316
918360
918400
918462
918533
918566
918858
918896
918948
918955
919046
919077
919152
919652
919784
919874
919900
919970
920037
920047
920093
920383
920669
920710
920980
921166
921392
921509
921693
921715
921716
921768
921824
921829
921829
921917
922063
922113
922128
922259
922337
922392
922594
922661
922672
922684
922705
922729
922732
922751
922769
922791
922875
922957
923032
923138
923191
923252
923468
923547
923609
923642
923865
923866
923884
923915
924048
924063
924203
924213
924287
924288
924309
924311
924396
924649
924691
924816
924886
925103
925170
925263
925350
925459
925519
925595
925598
925604
925676
925716
925721
925796
925879
925990
926043
926184
926197
926228
926238
926298
926395
926419
926559
926567
926571
926600
926702
926867
926986
927423
927550
927671
928008
928051
928094
928168
928169
928195
928206
928261
928330
928488
928527
928584
928603
928867
928878
928924
929234
929250
929354
929474
929656
929916
930011
930212
930219
930230
930286
930311
930331
930414
930436
930651
930666
930794
930868
931003
931056
931119
931287
931394
931397
931583
931827
931935
932078
932082
932211
932657
932738
932878
932916
932947
933148
933229
933278
933411
933452
933734
934170
934171
934288
934375
934510
934537
934603
934633
934642
934677
934720
934796
934891
934994
935130
935191
935355
935499
935544
935835
935843
935858
935948
936033
936081
936124
936496
936592
936608
936764
936827
936898
937210
937212
937390
937681
937697
937941
938001
938009
938077
938079
938152
938160
938172
938235
938346
938467
938585
938954
939038
939239
939361
939495
939680
939742
939815
939887
939988
940045
940103
940202
940210
940234
940412
940503
940521
940568
940643
940696
940838
940927
940940
940964
941094
941123
941358
941464
941654
941843
941962
941990
942263
942459
942560
942624
942750
943009
943076
943196
943278
943345
943514
943526
943630
943647
943864
943934
944083
944139
944310
944313
944317
944335
944735
944812
944865
944874
945040
945126
945319
945372
945386
945478
945511
945710
945979
945991
946013
946223
946234
946250
946269
946506
946662
946663
946853
946902
947391
947447
947541
947578
947694
947694
947864
948008
948054
948059
948156
948334
948358
948376
948489
948501
948522
948589
948606
948606
948738
948828
949088
949137
949151
949195
949417
949524
949569
949614
949669
949881
950124
950139
950176
950176
950211
950387
950402
950456
950467
950634
950643
950827
950920
950978
951033
951095
951251
951471
951538
951539
951604
951687
951887
951941
952007
952311
952348
952513
952592
952752
952769
952931
953029
953062
953068
953108
953196
953307
953360
953399
953634
953712
953873
953919
954182
954337
954385
954411
954510
954543
954599
954731
954774
954799
954803
954805
954818
954877
954949
955414
955524
955653
955668
955706
956348
956355
956479
956571
956650
956713
957196
957272
957438
957569
957690
957822
957869
958113
958764
958770
958859
958915
958951
959255
959260
959280
959308
959754
959855
960086
960136
960338
960373
960570
960702
960769
960816
961018
961159
961219
961389
961538
961571
961641
961707
961826
961845
961879
961922
962060
962244
962328
962358
962412
962424
962468
962482
962566
962575
962597
962654
962739
962743
962828
962880
963103
963104
963111
963166
963248
963269
963303
963389
963453
963473
963530
963609
963763
963796
963857
963961
964015
964048
964152
964198
964222
964295
964309
964479
964666
964779
964787
964912
965001
965284
965335
965554
965787
965853
965863
965945
965948
966051
966275
966488
966496
966515
966572
966653
966673
966677
966874
967041
967188
967237
967412
967473
967516
967582
967589
967699
967784
968033
968327
968332
968393
968494
968602
968716
969091
969159
969275
969516
969591
969618
969624
969753
969854
969875
969887
969945
970013
970184
970393
970448
970530
970571
970888
970889
971043
971087
971298
971417
971419
971499
971508
971519
971532
971633
971759
971775
971954
972004
972234
972255
972464
972639
972699
972887
973012
973052
973064
973119
973213
973256
973269
973332
973335
973365
973402
973513
973617
973826
973924
973935
974070
974173
974213
974311
974484
974536
974564
974577
974600
974807
974810
974828
974966
974997
975054
975055
975066
975095
975102
975186
975378
975543
975544
975619
975882
976147
976220
976256
976509
976588
976659
976742
976865
976959
976969
977086
977161
977184
977236
977283
977295
977506
977608
977622
977790
977836
977855
977950
978012
978016
978041
978310
978329
978462
978493
978532
978632
979312
979426
979432
979491
979519
979924
980007
980179
980182
980249
980344
980373
980458
980476
980488
980552
980583
980645
980713
980788
981326
981472
981550
981559
981594
981651
981716
981763
981783
982304
982352
982469
982633
982680
982721
982814
982855
982942
982972
983331
983708
983714
983770
983813
983955
983955
984052
984149
984157
984495
984603
984679
984754
984862
984956
985083
985147
985154
985252
985287
985305
985412
985531
985649
985695
985822
985862
985965
985985
986015
986112
986123
986196
986224
986328
986350
986438
986521
986526
986535
986790
986803
986814
987104
987285
987324
987346
987491
987709
987714
987796
987828
987932
988000
988229
988258
988259
988276
988290
988319
988389
988464
988529
988723
988741
988779
988917
988955
988970
989006
989095
989096
989155
989173
989197
989223
989425
989448
989475
989530
989570
989690
989793
990069
990077
990292
990347
990406
990541
990659
990854
991009
991144
991180
991471
991563
991816
991832
991942
991972
992172
992220
992302
992361
992452
992528
992563
992705
992789
992831
993017
993020
993141
993156
993381
993389
993429
993474
993592
993728
993798
993868
993895
993994
994063
994090
994229
994538
994638
994645
994822
994894
994904
994938
994983
995001
995125
995161
995216
995369
995408
995421
995557
995712
995740
995924
995981
996414
996484
996542
996656
996677
996793
996809
996823
996824
996865
996949
997065
997233
997278
997308
997471
997476
997613
997781
997809
997851
997889
997909
997990
998012
998104
998298
998340
998362
998679
998764
999120
999125
999161
999225
999253
999344
999362
999396
999465
999521
999604
999995
