3335
3820
4517
6584
7166
7366
8153
8666
8912
9296
9701
9790
11213
11830
12636
13402
14351
14546
15250
17507
17587
18207
18599
19045
19256
19614
19866
20241
21254
21346
23444
23731
26915
30211
30305
30419
31206
31316
32402
33017
33801
34084
34535
35672
36245
37071
37081
38745
39030
39856
43663
44252
46349
46769
47998
49985
50441
52384
52584
54294
54571
55818
56743
57099
57733
59404
60572
63704
64638
65330
66520
66832
67854
67935
67975
68591
68847
69843
70014
72232
74441
74856
77242
77970
78799
80366
80456
81197
81226
81922
84756
84891
85181
85408
87097
90406
92215
92893
94593
94625
96044
97347
99512
100481
101141
101304
102269
104501
105469
105521
108417
110333
110673
111378
113838
113859
114003
114399
114845
115261
116273
116723
117158
117725
118079
118730
119402
120414
120548
120575
120884
121064
122516
122599
123872
125384
127012
127356
128261
129886
129891
130642
130739
130995
131090
131798
133278
133751
134263
134645
135385
135583
139406
141221
145002
147480
148237
148843
149167
151766
153064
153868
155028
155780
155864
156114
156124
158128
158208
159370
160375
161659
163372
165302
165905
167158
169198
172411
174329
174442
176172
176784
176970
177916
179602
182311
182359
183752
184462
184635
186818
188556
189468
189846
193694
196611
197207
197947
198179
200533
201765
202490
202715
204786
205842
208634
208808
210350
213237
214601
215411
216059
216189
216979
217454
218564
219830
221379
221739
222933
223423
223697
223787
223891
224208
224257
225246
225616
230272
230727
231196
232524
234829
235459
235627
236217
237200
238090
241401
241894
246225
249660
249923
249936
250528
251315
253474
259854
261319
261706
261881
263291
263626
264178
265522
266452
267109
267860
268021
268588
268929
270044
270293
271695
271875
272417
273623
277500
278150
280770
281030
281437
282975
284203
286017
286242
286254
287822
289600
291007
293284
294705
296129
296285
299762
299894
299934
301077
301919
303443
305099
309980
311992
312155
312469
312996
316543
318012
318440
318841
321503
321818
323730
324736
326388
327352
327534
327590
327832
328056
329159
329300
329693
329912
333140
336248
336340
336514
336942
337872
338200
338809
340483
340660
340988
341691
341750
342909
343130
343773
345057
345872
345966
346636
349264
350201
350230
353227
354303
355081
360031
360602
360918
362127
362266
365310
367071
370092
371027
371668
371940
372485
372842
373541
374460
375217
375510
376164
376377
376879
377693
377875
382529
383804
384357
385379
386502
386897
388914
389035
390410
392115
394043
394134
394718
394948
397018
397961
398389
398500
398603
398712
399413
399994
400451
401008
401277
402451
404290
404758
407564
407647
408531
408903
409956
410231
412320
413133
413252
414167
414481
415536
415928
416070
416565
417436
418334
418501
418920
420173
420238
420280
425838
426573
429291
429305
429550
429697
430748
431475
431483
433032
439074
439290
440711
444210
445256
446450
449746
453929
455448
456789
457056
459506
459569
459602
459912
461740
462197
463045
463102
463904
464982
465974
466528
466598
467721
470497
470693
471158
471829
471854
473138
473203
477238
477923
480441
480739
480947
481130
481820
482341
484506
484981
486727
488003
488741
489626
490905
491362
491861
492556
493359
494227
494836
494961
497549
497652
498058
498183
498529
499879
501110
501366
503353
504015
504639
507194
510391
511033
511073
511334
511884
513098
513476
513715
514028
517573
518763
519628
519708
519888
520498
521233
522533
523865
524463
524656
524897
525948
527190
529620
530637
530839
531198
531765
533261
533612
533934
535847
536736
538218
538363
539265
539770
540212
540309
541434
541885
542988
544677
544878
546788
546872
549593
549949
550299
551426
552302
553582
553978
553983
556372
557058
558006
558369
558387
559683
559914
560810
562363
562408
564813
566981
567251
567254
567546
568197
569924
570129
571909
572727
574070
574109
574980
576532
578272
578901
578987
579723
582060
583553
583579
585248
585298
585839
586611
586836
586960
589189
590766
591012
591324
591435
595293
595308
595604
599168
600578
600658
601344
602945
602975
604691
605864
605913
611756
613189
614576
617935
618141
618360
622698
623276
623640
624161
625458
626076
626268
626667
626867
627083
628033
629425
629634
629744
630636
631246
631461
632387
634625
636042
636568
637809
638166
638523
638740
639216
642224
644382
644829
645100
645181
646835
647181
648137
648455
648562
649126
652233
653845
654275
654712
655099
655621
656556
660016
660606
660681
661823
662041
662298
662590
663880
664105
664869
665838
666147
666479
667348
667505
668093
669267
669838
670474
671657
672109
672330
674882
675969
676580
676808
677153
677155
677289
677365
677627
677921
680342
682865
684267
684631
686685
688137
688427
688843
689898
689936
690103
690825
694510
695336
695825
696766
697273
697373
698375
699905
700770
701481
702318
702339
702563
706685
707317
707734
707841
708020
708541
710008
714268
714534
714925
715004
715522
716287
717559
718259
718604
719048
719068
720267
721671
723063
723299
723548
724940
724968
726202
726554
727067
727819
731251
731315
731624
732187
732340
732941
735383
737218
737391
737755
737791
737860
739142
741214
742975
743565
743800
746364
746440
747796
748072
751771
754973
757209
757372
757424
757569
758274
765142
765660
766324
769209
769548
770115
770394
773627
777847
778928
779396
779539
779722
780343
781622
782406
783115
784334
784969
785787
788269
789579
789681
789977
790241
790355
790484
791552
793434
794336
795139
796010
797787
798846
799043
800002
800022
800669
800886
801487
801810
802553
804874
806183
806267
808111
808241
808310
810383
810533
811037
811262
812291
813298
813505
814481
815666
816296
817039
817911
817998
820799
821360
821671
821672
821711
824368
825683
826909
827516
827747
828284
829166
829238
829580
829959
830343
830571
830980
834333
835763
838509
841416
841930
842601
844787
846083
846201
846865
848434
850806
850979
851377
852806
855771
855891
856643
856794
857593
860128
863092
863645
864572
864613
865045
866908
867562
867797
869672
871229
872359
874357
876762
880356
880584
881729
883034
883501
883779
884388
884872
889037
890363
891230
891314
891941
892537
893111
894064
894465
895018
895201
895289
898385
899266
899520
899756
899931
900668
900766
901957
902945
905074
905165
905955
906360
906459
907275
907785
908038
909151
910292
912331
912567
913177
913861
918844
919985
920314
922025
922614
922984
924410
927190
928450
928540
929430
930077
930626
934633
934967
935351
936228
937383
938440
938456
938786
938830
939446
939640
940016
940547
941852
941958
942168
942538
942803
942854
943598
943814
944197
948139
948228
949842
950097
951473
953593
955476
956298
956513
956938
957355
958569
958823
960443
961752
962047
962660
963328
963480
963717
963840
964185
964359
965129
965827
966833
968138
969489
970015
970754
975501
979320
983023
983659
983866
985370
987639
988592
988668
991089
991137
992061
992166
994555
994800
994818
996015
996071
999557
