73
237
338
576
1149
1307
1310
1512
1609
1795
1887
2348
2449
2633
2643
3090
3213
3367
3797
3884
3976
4212
4333
4904
5152
5185
5245
5419
5664
5734
5808
5949
6134
6340
6708
7472
7699
8108
8309
8488
8843
8896
9164
9644
10156
10522
10734
10958
10980
11173
11313
11705
11736
11824
11944
11963
11977
12350
12679
12780
12853
12989
13162
13241
13406
13694
13759
14210
14330
14357
14483
14634
14933
15119
15280
15338
15412
15693
15700
15889
16278
16984
17391
17493
17718
18607
19110
19229
19248
19266
19309
19483
20177
20306
20405
20462
20684
20969
21524
21847
22500
22521
23019
23545
23812
24491
25690
25735
25753
25882
26013
26188
26435
26444
26557
26647
26743
26973
27135
27457
27849
28074
28088
28161
28278
28345
28526
28675
28775
28829
29170
29402
29730
30004
30293
30438
31051
31149
31309
31556
31565
31845
31940
32032
32435
32453
32827
32899
33255
33490
33513
34097
34155
34178
35658
36012
36061
36183
36677
36887
37475
37574
37815
38061
38148
38282
38587
38605
38691
38694
38729
38846
39052
39070
39190
39407
39724
39973
40052
40090
40196
40295
40566
40652
40759
40808
40922
40943
40989
41066
41507
41708
41791
41930
42197
42259
42368
42392
42404
42528
42710
43264
43314
43493
43534
43564
43634
43771
43799
43827
44198
44343
44633
44717
44976
46062
46099
46107
47014
47126
47228
47265
47572
47592
47664
47863
47888
47899
48264
48569
48767
48782
48871
48986
49976
50192
50224
50309
50387
50395
50411
50648
50672
50971
50977
51087
51097
52125
52754
53135
53319
54454
55180
55508
55718
55819
55827
56341
56386
56557
56962
56978
57506
57520
57597
57641
57643
57696
57701
57861
58036
58385
58739
59439
59447
59570
59970
60419
60663
60711
60729
61114
61277
61383
61960
63110
63383
63392
63578
63655
64009
64151
64280
64562
64742
64753
64833
65088
65150
65156
65358
65594
65610
65634
66158
66386
66406
66488
67085
67198
67359
67512
67560
67830
67892
67958
68057
68261
68327
68828
68889
70027
70331
70449
70826
71127
71936
72163
72700
72741
72808
72930
73115
73736
73853
74220
74342
74458
75261
75521
75578
75687
75740
75810
76305
76369
76698
76889
76922
77081
77339
77573
77574
77724
77819
78570
78676
79014
79444
79963
80028
80151
80176
80665
81022
81149
81199
81324
81332
81625
81638
81707
81824
82298
82417
82786
82863
82875
82902
83375
83474
83591
83900
84383
84467
84521
84671
84907
85214
85284
85319
85508
85573
85774
85832
86098
86337
86447
86457
86475
86501
86569
87363
87406
87881
88057
88114
88278
88341
88484
88574
88638
88769
88844
89461
89468
89481
89507
89962
89963
90164
90293
90454
90598
90690
90907
91634
91905
92026
92075
92136
92213
92316
92574
92750
93035
93184
93756
93763
93896
93937
93961
93994
94248
94336
94727
95030
96062
96174
96269
96309
96406
96701
97518
97677
97687
97725
97851
98081
98239
98254
98428
98706
98795
98950
99254
99256
99415
99444
99506
99515
99826
100065
100176
100244
100375
100511
101509
101749
102020
102286
102365
102452
102703
102726
102835
102988
103267
103364
103421
103521
103755
104173
104468
104668
105024
105108
105117
105207
105284
105300
105522
105801
106141
106200
106265
106316
106585
106625
106665
106746
106869
107078
107207
107291
107419
107621
107772
108149
108290
108410
108500
108615
109022
109449
109970
109990
110165
110276
110407
110533
110615
110715
111309
111367
111502
111768
111778
112380
113002
113232
113251
113320
113341
113720
113788
114384
115108
115246
115311
115383
116463
116778
117029
117113
117589
117798
117836
118415
118431
118815
119079
119162
119181
120179
120437
120492
120729
121310
121621
121704
121731
121995
122250
122543
122620
122812
122860
123119
123259
123297
123537
123747
123756
123759
123861
123900
124001
124264
124364
124365
124596
125091
125240
125833
125916
126113
126113
126174
126381
126398
126496
126572
127020
127500
127563
127720
127854
128030
128123
128265
128390
128469
128490
128719
128840
128975
129896
129925
130405
130701
130729
131439
131448
131595
131735
131864
132194
132491
132787
132799
132848
132926
133096
133144
133153
133409
133531
133812
133918
133999
134353
134702
134825
135050
135127
135707
135798
136588
137102
137651
137695
137701
138151
138166
138286
138685
138774
138827
139359
139468
139602
139819
139886
140178
140543
140911
140927
141283
141353
141386
141550
141859
142558
142960
143250
143423
143947
143950
144108
144369
144412
144821
144985
145105
145174
145252
145329
145387
145443
145589
145613
145670
145802
146350
146524
146596
146911
147112
147814
147871
147924
148017
148021
148179
148529
148875
149287
149384
149499
149527
149685
149876
150186
150214
150226
150371
150508
151063
151395
151476
151860
152481
152542
153150
153236
153349
153653
154576
154617
155256
156081
156709
156825
156862
158249
158365
158444
158886
158953
159126
159208
159274
159334
159635
159638
159905
160048
160119
160544
160748
161269
161303
161419
161655
161976
162090
162391
162430
162556
162720
162735
162932
163003
163012
163056
163185
163297
163434
163469
163502
163504
163567
163758
163885
163931
163975
164138
164210
164258
165029
165109
165824
165962
166458
166611
166749
167156
167200
167515
167615
167837
167938
168633
168862
168874
169058
169228
169470
169495
169600
169706
169773
170253
170459
170594
171303
171355
171543
171585
171743
171892
172032
172097
172454
172521
172621
172680
172930
173036
173691
173947
174164
174180
174491
174810
174995
175217
175689
175860
175885
176247
176324
176466
176603
176834
177202
177209
177224
177284
177391
177504
177649
177941
178120
178167
178381
178669
178716
178757
178772
178826
178969
179111
179192
179567
179595
180041
180042
180881
181386
181395
181413
181763
181935
182320
182409
182490
182539
182756
182811
182859
182867
183021
183073
183539
183763
184327
184348
184488
184663
184969
185188
185341
185530
186800
187126
187185
187306
187549
187588
187660
187938
187980
188161
188246
188311
188497
188520
188864
188957
189072
189245
189316
189449
189462
189549
189772
189839
190061
190284
190414
190742
190938
191410
191560
191907
192171
192183
192239
192412
192467
192821
193063
193095
193203
193542
194157
194187
194660
195138
195430
195612
196459
196518
196757
197085
197138
197229
197272
197352
197379
197546
197753
197942
198314
198322
198596
198629
198664
198961
199012
199223
199594
199944
200398
200732
200804
201427
201509
201571
202226
202276
202295
202448
202781
202946
203190
203387
203460
203700
203907
204170
204624
205177
205311
205377
205405
205686
205904
206017
206064
206217
206356
206369
206503
206572
206573
206619
206652
206760
206916
207031
207116
207439
207588
208188
208614
208835
208974
208979
209298
209334
209372
209428
209605
210009
210125
210165
210615
211503
211796
212016
212608
212727
212819
212930
213028
213663
213699
213719
213952
214567
214628
214736
215023
215039
215161
215461
215471
215490
215656
215803
215879
215967
216106
216214
216438
216469
216615
216771
216781
217381
217430
217484
217567
217666
217975
218051
218135
218205
218218
218546
218689
219052
219141
219419
219528
219993
220570
220781
220989
221061
221334
221384
221599
221618
221715
221730
221850
221876
222010
222182
222295
222480
222577
222612
222668
222725
222733
222773
222914
223246
223274
223290
224192
224353
224448
224487
224631
226052
226208
226478
226701
226718
226718
226816
227051
227107
227176
227428
228197
228348
228431
228914
229188
229323
229544
229594
230657
230989
231053
231495
231529
231542
231708
232063
232066
232298
232436
232734
232921
232923
233053
233120
233840
234092
234611
234905
235340
235664
235692
235714
235761
235875
235951
236069
236227
236518
236593
236695
236819
237031
237549
237635
237915
237961
238196
238490
238707
238941
238945
238979
239131
239328
239461
239771
239839
239888
240139
240200
240294
240795
240804
240868
241089
241282
241520
241551
241564
242718
242749
243034
243385
243529
243837
243859
243896
245158
245431
245447
245819
246039
246624
246697
247114
247273
247760
248205
248799
249020
249659
250507
250678
251119
251137
251241
251361
251429
251826
252098
252180
252182
252191
252400
252573
252792
253097
253247
253336
254117
254378
255775
255814
255949
256282
256286
256731
256783
257047
257300
257361
257376
257474
257606
258220
258421
258570
258607
258661
258696
259074
259255
259380
259497
259512
259572
259975
260022
260073
260277
260505
260602
260709
260974
261057
261160
261511
261618
261721
261825
261911
262401
262543
262553
262611
262657
262673
262692
262861
263047
263071
263490
263801
264238
264470
264848
265340
265430
265497
265535
265832
265845
265873
266460
266742
266798
266845
266972
267510
267645
267833
268034
268071
268516
269371
269384
269413
269886
269902
269924
270313
270901
270959
271495
271515
271714
272045
272231
272610
272634
272996
273062
273589
273610
273896
274084
274190
274253
274496
275292
275343
275344
275617
275866
275908
276039
276047
276383
276636
276760
276799
276887
276892
276971
276993
277188
277217
277505
277598
277692
277827
278072
278372
278419
278487
278550
278771
279226
279683
279713
279991
280117
280779
280849
281052
281331
281375
281450
281570
281692
281960
282440
282591
283381
283897
283901
284415
284500
284779
285121
285138
285497
286048
286080
286142
286231
286602
286908
287368
287558
287651
287779
287848
287910
288234
288445
288745
288764
289209
289282
289549
290274
290355
290682
290724
290845
290930
291358
292034
292067
292166
292194
292198
292654
292793
292993
293184
293297
293484
293820
294073
294250
294397
294420
294441
294536
295265
295303
295365
295543
295592
295623
295743
295776
295966
295977
296161
296255
296645
296712
296922
297019
297190
297275
297321
297404
297635
297880
298021
298222
298397
298629
298647
298725
298989
299051
299186
299410
300161
300442
300447
300477
300505
300696
300793
300794
300845
301396
301586
301653
302122
302247
302268
302678
302798
303084
303229
303311
303499
303565
303606
303849
304903
305019
305427
306060
306511
306642
307040
307442
307589
307847
308389
308493
308508
308602
309282
309586
309687
309739
310323
310525
310548
310677
310761
310974
311194
311278
311418
311441
311604
312070
312961
313021
313174
313210
313222
313603
313936
313957
314468
314504
314595
314680
314896
315203
315378
315510
315583
315596
315826
316071
316166
316352
316469
316571
316670
316671
317006
317364
317546
317835
318269
318316
318389
318602
318805
319813
319919
319934
320160
320314
320666
320825
320964
321105
321176
321424
322099
322392
322461
322628
322746
323448
323845
324190
324485
324542
324664
324788
324816
325431
325558
325580
325586
325612
325693
326223
327545
328233
328452
328549
328637
328669
329168
329468
329580
329593
329695
330180
330248
330838
330934
330984
331294
331345
331412
331496
331766
332068
332094
332146
332323
332349
332695
332738
332797
333554
333714
334353
334768
334838
335137
335339
335537
335566
335785
335793
336272
336359
336918
337056
337502
337690
337705
337778
338006
338796
338925
338957
339006
339172
339565
339795
339912
340276
340555
340672
340853
340931
341014
341320
341347
341827
341954
342242
342258
342359
342405
342680
342975
343094
343146
343357
343372
343375
343439
343475
343548
343610
344037
344269
344463
344479
344553
344918
345027
345109
345611
345781
346148
346591
346647
346930
347069
347187
347332
347512
347822
347862
347974
348314
348637
348900
348911
348959
348999
349651
349662
349731
349749
349791
349824
349898
349973
350081
350157
350190
350493
350806
350949
350953
351091
351306
351368
351704
351861
352083
352328
352454
352707
352771
352873
352910
353211
353696
354064
354202
354296
354360
354600
354858
355095
355179
355423
355794
355947
355978
356104
356445
356477
356544
356555
356724
356807
356844
357075
357278
357694
357730
358220
358282
358654
358672
358922
359008
359215
359480
359812
359845
359951
360435
360689
360721
360773
360965
361188
361207
361217
361467
361575
361959
362167
362374
362535
362540
362939
363253
363379
363457
363466
363692
363701
363840
363855
364119
364264
364602
365151
365249
365272
365329
365450
365479
365800
365849
366001
366064
366202
366282
366540
366706
366731
366904
367016
367986
368035
368035
368374
368515
369365
369453
369476
369696
370366
370583
370694
371129
371257
371467
371517
371667
372111
372214
372223
372728
372761
372939
372965
372981
373538
373696
373803
374486
374562
374629
374715
375280
375389
375410
375528
375533
375641
375644
375712
375732
375920
376108
376129
376208
376219
376242
376836
377077
377575
377726
377965
378082
378453
378578
378879
379142
379483
379920
379957
380206
380311
380770
380953
381015
381072
381443
381820
381837
381885
382128
382133
382135
382402
382553
382618
382707
382855
383226
383407
383552
383690
383721
383945
384003
384728
384881
385014
385377
385414
385517
385705
386212
386250
386297
386302
386749
386771
387448
387675
387677
387765
387977
388036
388149
388437
388437
388669
388930
389034
389077
389383
389675
389698
389822
389928
389945
390063
390299
390806
390939
391984
392116
392250
392623
392647
392648
392722
393801
394041
394197
394202
394255
394336
394542
394681
394713
394792
395081
395098
395318
395737
395790
395815
395896
396118
396319
396336
396441
396525
396734
396749
396860
396942
396973
396990
397104
397135
397282
397290
397726
398102
398367
398523
398671
398718
399046
399769
399772
399837
399890
400009
400206
400347
400492
400643
400689
401086
401101
401109
401525
401649
401708
402020
402047
402082
402224
402409
402499
402539
402682
402921
402968
403010
403188
403482
403589
404346
404415
404866
404889
404897
405263
405581
405598
405734
406056
406088
406142
406350
406466
406877
407205
407227
407301
407530
407930
408003
408135
408207
408243
408628
409506
409591
409665
409914
410444
410550
410605
410791
411167
411232
411236
411336
411438
411871
411899
411926
412180
412543
412917
413039
413420
413738
413764
413771
413918
413926
414226
414314
414631
414639
415261
415353
415498
415856
416073
416242
416619
417146
417590
417903
418047
419327
419434
419472
419624
419833
419964
419978
420511
420592
420599
420633
420994
421236
421483
421503
422102
422288
422338
422343
422641
422782
422904
423461
423480
423688
423724
423985
424081
424176
424434
424643
424679
425410
425731
425739
425810
425881
426428
426571
426722
426769
426922
427100
427157
427377
427397
427660
427703
428011
428412
428577
428603
428715
428773
428883
428921
429139
429497
429705
429975
430023
430110
430179
430369
430435
430454
430621
430736
430787
430802
431414
431676
431740
431747
431990
432004
432018
432099
432153
432334
432764
432858
432883
433327
433474
433597
433877
433919
433945
434145
434345
434556
434705
434977
435235
435240
436296
436326
436806
436941
437104
437148
437398
437511
437623
438076
438123
438176
438190
438561
438647
438972
439183
439664
439679
439702
439833
439859
440352
440360
440453
440577
440727
440758
440778
440821
440895
440953
441068
441299
441664
442237
442558
442734
442861
443007
443100
443645
443700
443855
444162
444401
444715
445248
445298
445460
445876
446183
446313
446592
446849
446882
446936
447165
447227
447380
447497
447834
448050
448177
448223
448271
448404
448439
448483
448542
448680
448995
449211
449229
449500
449596
449660
449871
450026
450152
450193
450271
450359
450418
450677
450706
450748
450908
451095
451201
451275
451498
451540
451569
451787
451814
451856
452339
452714
453054
453096
453323
453579
454214
455001
455290
455309
455391
455465
455531
455653
455655
455773
456540
457377
457503
458226
458360
458784
458881
459420
459513
459655
460190
460337
460358
460392
460543
460611
460800
460840
460906
461512
461696
461797
461814
462088
462144
462517
462565
463170
463549
463588
463633
464020
464048
464107
464308
464677
464857
464912
464924
465346
465425
465472
466288
466392
466470
466631
466668
466791
466892
467199
467428
467431
467863
468061
468190
468399
468428
468857
468864
469144
470146
470230
470282
470613
470647
470671
470704
470717
470792
470808
470929
471307
471497
471691
471775
472152
472328
472394
472420
472673
472931
473682
474133
474439
474659
474727
475065
475171
475174
475336
475656
475848
476064
476290
476312
476606
476641
477017
477282
477386
477655
477771
477961
477992
478094
478179
478384
478507
478579
478976
479037
479227
479427
479449
479583
479790
480367
480841
480851
480983
480988
481412
481618
481903
482147
482186
482421
482439
482458
482596
482716
482848
482858
482860
483061
483092
483250
483301
483469
483574
483575
483612
483807
483905
484242
484325
484705
485094
485463
485659
485695
485759
485872
486234
486359
486556
486706
486832
486883
486944
487402
487960
487982
488223
488703
488704
488708
488776
488833
488976
488978
489240
489252
489561
489762
489998
490137
490326
490702
490798
491219
491684
491889
492692
492702
492743
492918
493055
493248
493425
493477
493478
493754
493805
493933
493964
493994
494087
494234
494262
494522
494646
494662
494993
495032
495268
495337
495730
495811
495858
496034
496200
496248
496351
496396
496426
496459
496569
496573
496809
496874
497020
497046
497286
497397
497656
497780
497797
498333
498675
498908
498933
498985
499044
499226
499618
499870
499969
500287
500422
500962
501279
501284
501660
501979
502142
503015
503168
503381
503413
503560
503937
503939
504097
504148
504693
504823
505260
505390
505415
505490
505499
505772
505974
506037
506109
506152
506381
506466
506578
506584
506702
506747
506846
507107
507137
507165
507417
507734
508390
508897
508962
509161
509216
509239
509318
509380
509400
509412
509448
509528
509967
509979
510173
510226
510321
510779
510835
510927
510966
511201
511267
511339
511743
511833
511903
511986
512118
512133
513158
513179
513185
513249
513562
513774
514021
514072
514147
514189
514202
514929
514961
514966
515018
515483
515766
515853
516610
516699
516752
516971
517328
517418
517481
518280
518383
518517
518563
518892
519499
520071
520097
520321
520346
520692
520709
520987
521214
521315
521439
521748
521789
521932
522367
522734
523060
523062
523167
523366
523460
524071
524343
524740
524968
525092
525922
526114
526288
526757
526860
526999
527085
527117
527242
527634
527734
528136
528241
528374
528513
528688
528888
528976
529188
530153
530581
530663
530864
531057
531154
531387
531643
531826
532514
532525
532653
533172
533286
533354
533564
533690
533843
533944
534084
534091
534169
534234
534625
534718
534918
534973
535087
535527
535588
535920
536073
536220
536815
536819
537018
537099
537557
537658
537824
537907
538426
538505
538526
538534
538591
539323
539710
539827
539913
540022
540134
540437
540728
541078
541288
541318
541486
541502
541580
541693
542473
542505
542506
542541
542551
542579
542599
542607
542792
542911
543038
543196
543230
543270
543359
543391
543463
543857
544137
544165
544355
544651
544744
544824
545276
545325
545348
546196
546299
546743
546816
546909
547010
547290
547592
547717
547743
547765
547873
548046
548127
548425
548620
548641
548759
548936
549051
549270
549579
549691
549963
550107
550133
550420
550534
551061
551264
552073
552405
552608
552793
552840
553146
553408
553475
553705
553871
554173
554437
554499
554996
555902
556031
556071
556084
556391
556745
556750
556782
556841
556973
557001
557066
557115
557194
557342
557344
557524
557652
557796
557844
558068
558102
558203
558302
558569
558750
558979
559149
559394
559611
559646
559879
559899
560089
560132
560353
560401
560658
560864
561065
561345
561349
561649
561681
561814
562245
562404
562435
563137
563653
564070
564177
564237
564359
564383
564473
564657
565000
565252
565516
565719
565965
566051
566155
566198
566204
567069
567084
567504
567591
567809
567973
568258
568314
568637
568978
569128
569246
569409
569428
569831
569941
570373
570835
570976
571008
571016
571027
571624
571720
571985
572008
572038
572260
572475
572516
572542
572611
573162
573569
573665
574001
574281
574499
574751
575423
575494
575831
575884
575967
576018
576114
576576
576820
577013
577495
577590
578115
578552
578737
578783
578956
579553
579806
580049
580479
580629
580717
580972
581185
581233
581681
581700
581800
582073
582102
582193
582316
582346
582850
582871
582894
583306
583489
584002
584011
584348
584393
584545
584683
584927
585095
585215
585219
585300
585587
586014
586219
586238
586475
586758
586891
586976
587179
587386
587641
587688
587860
588824
588867
589019
589464
589663
590239
590610
590621
590662
590856
590895
591122
591191
591237
591292
591795
591815
592016
592119
592903
592964
593029
593047
593078
593083
593106
593121
593221
593324
593414
593456
593488
593577
593792
593968
594048
594412
594625
594642
595040
595131
595198
595315
595416
595473
595482
595621
595626
595659
595738
595927
596061
596302
596480
596651
596682
596758
597081
597156
597400
598349
598493
598513
599255
599360
599856
599862
600171
600455
600793
600956
601272
601576
601765
601769
601851
601895
601980
602181
602197
602258
603230
603297
603392
603652
603914
603919
603966
604199
604250
604418
604822
604825
604847
605031
605194
605252
605291
605607
605976
606366
607079
607324
607348
607758
607849
607989
608013
608073
608104
608171
608184
608320
608345
608435
608547
608744
609107
609164
609203
609306
609531
609726
609734
609783
609911
609991
610009
610114
610555
610924
611109
611324
611397
611433
611519
612145
612239
612564
612659
612825
613445
613502
613544
613563
613948
614005
614366
614399
614512
614820
614861
614981
614997
615103
615193
615414
615549
615670
615869
616075
616376
617022
617061
617065
617081
617177
617623
617661
617784
618617
618832
618855
618929
619003
619073
619164
619176
619197
619199
619215
619910
620326
620638
620686
620780
620895
621101
621466
621491
621594
621635
621764
622068
622073
622286
622650
622783
622839
622890
623305
623409
623741
623788
624001
624375
624405
624478
624585
624915
625492
625559
625575
625693
625939
626089
626099
626181
626645
626942
627061
627122
627147
627318
627349
628228
628288
628461
628484
628533
628857
628897
629095
629483
629629
629880
629905
630104
630319
630372
630505
630661
630783
630878
630910
631122
631642
632051
632266
632613
632722
632783
632936
633118
633124
633284
633396
633542
633728
634057
634122
634335
634424
634462
634797
634827
635155
635226
635403
635410
635536
635723
635751
635758
635918
636053
636095
636159
636175
636693
636725
636827
637027
637234
637281
637351
637946
637961
638244
638284
638574
638807
638878
639180
639262
639298
639364
639387
639491
640127
640428
640712
641147
641311
641551
641630
641782
641927
642130
642213
642215
642485
642650
643121
643286
643413
643421
643499
643542
643678
643877
645253
645683
645759
645943
646471
646652
646833
647189
647299
647380
647442
647551
647551
647642
647776
648224
648328
648373
648374
648887
649221
649320
649828
649840
650040
650136
650175
650855
651053
651215
651523
651635
651763
651840
651884
652038
652740
653007
653038
653067
653535
653674
653702
653797
653967
654276
654542
654588
654865
655009
655422
655557
655777
656570
656963
657258
657588
658250
658498
658710
658941
659027
659304
659350
659352
659538
660214
660222
660227
660366
660369
661008
661050
661109
661144
661618
661687
661763
661966
662151
662217
662264
662506
662596
663102
663127
663523
663589
663677
663685
664101
664203
664359
664789
664964
665090
665413
665433
665599
666088
666307
666658
666749
667194
667255
667456
667554
667698
667749
668170
668229
668265
668460
668507
668560
668603
669602
669738
669975
670257
670442
670973
671008
671106
671232
671536
671718
671868
672039
672322
672598
672768
673036
673225
673371
673552
673775
674155
674212
674281
674412
674570
674623
674795
674867
675273
675331
675696
675718
675771
675971
676150
676187
676512
676713
677111
677141
677438
679052
679125
679152
679590
679698
679969
680155
680396
680829
680877
680992
681257
681546
681628
681800
681806
681918
681949
682491
682705
683424
683716
683961
684289
684698
685020
685023
685463
685573
685812
685875
686324
686363
686382
686597
686820
687038
687146
687176
687398
687540
687925
688216
689068
689651
689760
689797
689905
689916
690179
690678
690785
691065
691776
692014
692200
692305
692453
692457
692500
692527
692681
692861
693083
693612
694176
694203
694215
694318
694438
694480
695046
695184
695211
695453
695770
696219
696634
696708
696778
696790
697019
697034
697076
697188
697291
697521
697680
697803
697969
698471
698546
698608
698744
698814
699249
699327
699373
699770
699949
699967
700082
700096
700104
700272
700556
700872
700876
700986
701196
701814
702062
702374
702486
702603
702963
703283
703340
703487
703776
704006
704029
704456
704523
704590
704604
704730
704984
705013
705857
706068
706770
707169
707260
707278
707418
707558
707600
707710
708095
708184
708289
708959
709279
709324
709525
709574
709612
709725
709765
709837
709924
710064
710131
710276
710483
710941
711169
711439
711569
712739
712751
713182
713275
713497
713828
713959
714212
714309
714329
714335
714380
714450
715140
715205
715255
715317
715915
715960
716153
716271
716355
716474
716552
716555
716590
716720
716957
716958
717115
717198
717290
717503
717681
717738
718069
718136
718140
718208
718252
718270
718371
718578
718731
718786
719155
719279
719542
719925
720466
720830
721052
721431
721504
721630
721898
721926
722273
722510
722523
722524
722930
722935
723557
723599
724194
724506
725022
725052
725432
725548
725632
725776
726003
726383
727085
727387
727734
727766
727955
728116
728157
728261
728287
728293
728613
729184
729438
729568
729580
729647
729665
729669
729708
729876
729942
730135
730208
730271
730362
730703
730768
730818
731113
731393
731640
731955
732041
732057
732203
732445
732839
732928
733502
733587
733728
734016
735118
735137
735305
735765
735999
736381
736797
736837
736969
737001
737116
737292
737386
738133
738247
738420
738426
738456
738708
738712
738916
739059
739224
739419
739617
739854
739943
739996
740060
740306
740307
740425
740719
741072
741098
741271
741651
741678
741697
741934
742132
742350
742398
742991
743064
743304
743306
743483
743627
744009
744140
744943
744959
745537
745652
745855
745860
746828
746869
747129
747219
747444
747455
747473
747628
747918
747965
748314
748366
748470
748673
748756
749202
749291
749420
749952
750104
750327
750435
750497
750677
750815
751264
751295
751313
751427
751731
752378
752474
752554
752695
753170
753447
753576
753762
753847
754143
754171
754604
754899
754899
754996
755366
755424
755459
755599
755685
755778
755841
756125
756353
756544
756867
756953
756988
757094
757141
757587
757609
757821
757842
757854
757982
758299
758623
758690
758717
758889
759237
759393
759494
759703
759810
760280
760491
761307
761580
761625
761639
762004
762107
762623
762798
763187
763290
763414
763466
764067
764071
764556
764838
764863
765374
765518
765754
765895
766114
766530
766642
766949
767299
767361
767590
767825
767993
768163
768225
768739
768969
769371
769446
769799
770324
770716
770817
771235
771753
772071
772142
772314
772498
772729
772900
772962
772986
773305
773320
773369
773715
774054
774058
774105
774643
774826
775019
775300
775372
775523
775839
776211
776919
777235
777284
777429
777490
777509
777703
777928
778114
778407
778429
778743
778819
779540
779686
779777
779828
780013
780117
780123
780182
780230
780336
780580
780613
780674
780800
780922
781122
781429
781614
781815
781831
782051
782223
782758
783656
783765
783785
783841
784247
784269
784297
784329
784643
785004
785012
785110
785123
785130
785357
785520
785606
785664
785685
785705
785799
786040
786071
786688
786725
786755
786796
786873
786998
787272
787281
787525
787659
787840
787909
787971
788070
788106
788170
788293
788416
788484
788948
788953
789119
789141
789730
790049
790129
790151
790764
790887
790984
791089
791267
791419
791715
791964
792020
792273
792658
793249
793578
793863
793973
794243
794289
794917
794949
795155
795188
795290
795577
795617
795690
795792
795867
796262
796369
796874
797640
797694
798040
798694
798992
799116
799682
799753
800106
800219
800461
801190
801308
801347
801654
801769
801889
802180
802409
802883
802889
803007
803023
803157
803204
803379
803413
803542
803590
803820
803891
804017
804195
804259
804319
804649
804926
805308
805356
805395
805527
805621
805637
805807
806072
806129
806373
806997
807115
807529
807921
808295
808359
809136
809213
809372
809409
809581
809777
809943
809944
810048
810098
810250
810395
810454
810531
810752
811047
811146
811566
811675
811729
811784
812262
812611
812850
813272
813638
814008
814088
814150
814622
814959
815154
815201
815260
816134
816191
816204
816695
816767
816817
816909
817755
818202
818526
818765
819111
819149
819283
819386
819446
819636
819654
819716
819971
820025
820396
820439
820784
820965
821201
821476
821482
822185
822379
822560
822710
822886
823150
823334
823602
823621
823722
823791
823885
823906
824017
824238
824320
824590
824670
824672
825269
825307
825486
825576
825955
826623
826700
826822
826910
826949
827340
827386
827744
827971
827973
828063
828499
828686
828780
828783
828929
829147
829340
829377
829380
829648
829848
829980
829996
830259
830260
830321
830336
830596
830722
831495
831528
831691
831731
831746
831817
831911
831999
832056
832112
832909
833103
833222
833475
834437
834487
834989
835120
835150
835236
835386
835605
835776
835788
836129
836437
837360
837792
837836
837958
837961
838154
838256
838449
838682
838709
838904
839006
839212
839552
839591
840196
840295
840309
840579
840829
840885
841114
841125
841263
841416
841639
841722
841875
842335
842433
842741
843287
843360
843434
843532
843910
843950
844140
844282
844292
844313
844362
844437
844667
844756
845005
845119
845475
845781
846039
846368
846701
846809
846911
847351
847527
847703
847745
848278
848415
848473
848668
848729
848758
849387
849466
849562
849568
849570
849901
850139
850382
850846
850969
851218
851627
851714
852008
852783
853145
853574
853731
853895
853982
854171
854331
854546
854589
854803
854995
855012
855420
855952
856081
856204
856616
856659
856723
856868
856946
856992
857095
857133
857153
857486
857637
858199
858768
858805
858914
858944
859144
859339
859646
859888
860250
860328
861007
861559
861644
861750
862285
862553
862719
863059
863443
863524
863565
863752
863836
863882
864200
864547
864654
864728
864745
864788
865047
865172
865177
865212
865349
865651
865764
865948
866032
866347
866425
866448
866595
866635
866650
867296
867521
867974
868424
868523
868543
868572
869083
869361
870010
870209
870247
870468
870621
870682
870930
871000
871015
871772
872002
872222
872238
872528
872722
872732
873055
873204
873478
873557
874366
874549
874564
874601
875184
875406
875573
875613
875849
876038
876455
876663
876788
876846
876885
877712
877895
878462
878491
878654
878801
878829
878903
879028
879086
879229
879258
879401
880445
880877
881018
881191
881353
881428
881647
881743
882231
882244
882552
882648
882972
883337
883353
883829
884115
884534
884554
884744
884796
884987
885126
885164
885455
885797
886013
886064
886256
886447
886556
886681
886824
887054
887672
888216
888347
888359
888696
888794
888915
888977
889098
889369
889500
889601
889654
889909
890129
890238
890631
890655
890761
891046
891343
891388
891559
891698
891745
891750
892063
892348
893265
893480
893686
893788
893962
894231
894288
894437
894594
894663
894703
894846
895238
895407
895757
896146
896684
896741
897209
897223
897374
898043
898094
898110
898555
898847
899561
899672
899727
899798
899819
900154
900553
900750
900851
901068
901460
901540
901577
902315
902702
902776
903585
903694
903902
903975
904708
904852
904890
905271
905564
905929
906456
906562
906696
907186
907274
907819
908087
908171
908512
908916
909141
909162
909431
909462
909676
909772
909889
909910
909946
910080
910245
910419
910500
911215
911398
911475
911526
911814
911825
912275
912413
912449
912830
912921
913075
913116
913473
913767
913881
913883
914039
914164
914190
914283
914293
914615
914881
915076
915247
915279
916498
916717
917870
918312
918577
918772
918877
919054
919546
919779
919862
920219
920300
920663
921026
921189
921633
921794
921834
921865
921937
922520
922657
922851
922961
923412
923418
923546
923571
923753
923924
923952
924812
925126
925130
925189
925399
925551
925700
925812
926032
926333
926535
926563
926893
927098
927342
927389
927412
927806
927903
927952
927981
927992
928584
928778
929063
929107
929533
929576
929593
929648
930242
930340
930359
930594
930676
930695
931587
931668
932111
932113
932335
932865
932965
933658
933776
934014
934116
934179
934357
934462
934803
934825
934974
935403
935736
935812
936363
936429
936432
936581
936664
936691
936736
936930
937077
937097
937165
937200
937244
937421
937604
937817
938125
938280
938281
938292
938361
938489
938647
938662
938667
938723
938805
938848
939200
939506
939583
939885
939928
940003
940006
940032
940056
940239
940273
940926
941028
941189
941553
941702
941767
941998
942312
942514
942965
943370
943463
944043
944049
944446
945018
945235
945280
945311
945524
945886
946027
946079
946212
946259
946437
946595
946748
946802
947099
947591
947678
948224
948789
948799
948851
948984
949217
949352
949372
949497
949588
949739
949874
949975
950141
951369
951493
951988
952084
952239
952503
952571
952767
953422
953492
953617
953892
954379
954531
954580
954595
954656
954853
954908
954972
955011
955035
955129
955437
955490
955540
955563
955594
955626
955662
955916
956025
956172
956491
956604
956715
957126
957299
957424
957929
958128
958858
958952
959039
959163
959211
959272
959303
959355
959662
959809
960328
960481
960757
960768
961232
961340
961357
962262
962571
962651
962938
963069
963128
963730
963990
964043
964682
964812
964827
965216
965271
965525
965649
966140
966214
966405
966868
967007
967106
967242
967339
967410
967522
967523
967626
967638
967670
967846
967892
967935
968311
968321
968845
969391
969467
969477
969503
969596
969629
969714
970018
970085
970131
970283
970321
970685
970710
970794
970797
970828
971086
971516
971677
972095
972417
972467
972716
972927
973108
973367
973373
973493
973676
973719
973726
974193
974564
974709
974733
975018
975258
975268
975791
976402
976589
976690
976699
976706
976727
977004
977335
977468
977599
978068
978171
978370
978559
978909
978988
979052
979276
979319
979941
979960
980396
980406
980724
980925
981145
981467
981533
981692
981692
981866
981877
981928
982200
982201
982347
982468
982672
982754
982856
982939
983198
983427
983472
983509
983689
984281
984605
984784
985192
985291
985348
985425
985793
986351
986527
986974
987308
987323
987546
987677
987748
988504
988549
988918
989080
989587
989772
990032
990077
990123
990147
990348
990520
990524
990772
990964
991656
991797
991894
991903
992104
992299
992646
992778
992932
993399
993650
993750
993792
994909
995047
995115
995131
995493
995680
995920
995961
996116
996721
996760
997469
997591
997939
998027
998139
998207
998217
998712
998820
998825
999200
999226
999385
999543
999663
999702
999718
999719
999754
999961
